object={
	name="arabic_dynamic_forestry_objects_generator_1_0"
	clamp_to_water_level=no
	render_under_water=no
	generated_content=yes
	layer="forestry_dynamic"
	pdxmesh="arabic_forestry_scatter_01_mesh"
	count=379
	transform="5050.544434 0.000000 1509.016846 0.000000 0.830446 0.000000 0.557099 0.000000 0.000000 0.000000
5050.368164 0.000000 1520.519653 0.000000 0.550695 0.000000 0.834706 0.000000 0.000000 0.000000
5076.968750 0.000000 1577.203247 0.000000 0.536656 0.000000 0.843801 0.000000 0.000000 0.000000
5057.451172 0.000000 1537.253784 0.000000 0.030063 0.000000 0.999548 0.000000 0.000000 0.000000
4858.544434 0.000000 1791.438721 0.000000 0.720021 0.000000 0.693953 0.000000 0.000000 0.000000
4864.254883 0.000000 1798.156494 0.000000 0.796491 0.000000 0.604650 0.000000 0.000000 0.000000
4886.478027 0.000000 1785.908936 0.000000 0.701297 0.000000 0.712869 0.000000 0.000000 0.000000
4890.074219 0.000000 1781.532104 0.000000 0.418457 0.000000 0.908237 0.000000 0.000000 0.000000
4948.968750 0.000000 1803.140747 0.000000 0.422094 0.000000 0.906552 0.000000 0.000000 0.000000
4976.541992 0.000000 1773.600830 0.000000 0.110226 0.000000 0.993907 0.000000 0.000000 0.000000
5861.982422 0.000000 1744.793091 0.000000 0.249043 0.000000 0.968492 1.000000 1.000000 1.000000
5855.758301 0.000000 1724.690918 0.000000 0.968145 0.000000 0.250390 0.000000 0.000000 0.000000
5857.210449 0.000000 1739.404541 0.000000 0.880723 0.000000 0.473632 0.000000 0.000000 0.000000
5849.621582 0.000000 1742.406128 0.000000 0.978507 0.000000 0.206212 0.000000 0.000000 0.000000
5859.765137 0.000000 1720.378540 0.000000 0.326607 0.000000 0.945160 0.000000 0.000000 0.000000
5818.544434 0.000000 1791.438721 0.000000 0.999938 0.000000 0.011145 0.000000 0.000000 0.000000
5845.705078 0.000000 1777.883301 0.000000 0.928900 0.000000 0.370330 0.000000 0.000000 0.000000
5852.793945 0.000000 1753.857422 0.000000 0.634947 0.000000 0.772556 0.000000 0.000000 0.000000
5844.569336 0.000000 1756.402100 0.000000 0.134785 0.000000 0.990875 0.000000 0.000000 0.000000
5839.272949 0.000000 1772.934204 0.000000 0.785785 0.000000 0.618500 0.000000 0.000000 0.000000
5936.205566 0.000000 1694.505615 0.000000 0.499648 0.000000 0.866229 0.000000 0.000000 0.000000
5899.959473 0.000000 1799.506470 0.000000 0.874342 0.000000 0.485310 0.000000 0.000000 0.000000
5889.017578 0.000000 1777.708740 0.000000 0.874245 0.000000 0.485485 0.000000 0.000000 0.000000
4901.432617 0.000000 1818.527100 0.000000 0.185895 0.000000 0.982570 0.000000 0.000000 0.000000
4895.826172 0.000000 1815.622437 0.000000 0.491514 0.000000 0.870870 1.000000 1.000000 1.000000
4890.074219 0.000000 1838.016479 0.000000 0.430814 0.000000 0.902441 1.000000 1.000000 1.000000
4951.491699 0.000000 1808.131470 0.000000 0.994499 0.000000 0.104743 1.000000 1.000000 1.000000
4821.705078 0.000000 2116.789551 0.000000 0.947610 0.000000 0.319431 0.000000 0.000000 0.000000
4825.621582 0.000000 2137.796631 0.000000 0.959607 0.000000 0.281343 0.000000 0.000000 0.000000
4261.982422 0.000000 2366.121094 0.000000 0.972325 0.000000 0.233632 0.000000 0.000000 0.000000
4329.260742 0.000000 2360.081543 0.000000 0.212164 0.000000 0.977234 0.000000 0.000000 0.000000
4309.705078 0.000000 2399.211426 0.000000 0.904083 0.000000 0.427357 0.000000 0.000000 0.000000
4740.458496 0.000000 2426.809814 0.000000 0.981944 0.000000 0.189174 0.000000 0.000000 0.000000
4759.890625 0.000000 2391.401367 0.000000 0.986399 0.000000 0.164370 0.000000 0.000000 0.000000
4792.550781 0.000000 2405.202881 0.000000 0.426762 0.000000 0.904364 1.000000 1.000000 1.000000
4845.516602 0.000000 2387.077148 0.000000 0.944679 0.000000 0.327997 0.000000 0.000000 0.000000
4841.385742 0.000000 2405.261963 0.000000 0.151938 0.000000 0.988390 1.000000 1.000000 1.000000
4792.065918 0.000000 2454.190674 0.000000 0.554572 0.000000 0.832136 0.000000 0.000000 0.000000
4774.893555 0.000000 2448.275391 0.000000 0.960491 0.000000 0.278312 0.000000 0.000000 0.000000
4777.260742 0.000000 2473.050293 0.000000 0.609085 0.000000 0.793105 0.000000 0.000000 0.000000
4812.978516 0.000000 2429.564209 0.000000 0.494722 0.000000 0.869051 0.000000 0.000000 0.000000
4820.569336 0.000000 2434.214600 0.000000 0.992052 0.000000 0.125828 0.000000 0.000000 0.000000
4800.254883 0.000000 2475.968994 0.000000 0.916597 0.000000 0.399812 0.000000 0.000000 0.000000
4823.890625 0.000000 2447.885742 0.000000 0.865202 0.000000 0.501424 1.000000 1.000000 1.000000
4922.807129 0.000000 2322.513916 0.000000 0.984048 0.000000 0.177905 0.000000 0.000000 0.000000
4884.968750 0.000000 2424.468750 0.000000 0.892676 0.000000 0.450699 0.000000 0.000000 0.000000
4901.982422 0.000000 2422.605469 0.000000 0.115518 0.000000 0.993305 1.000000 1.000000 1.000000
4927.958008 0.000000 2393.242676 0.000000 0.966740 0.000000 0.255760 0.000000 0.000000 0.000000
4905.385742 0.000000 2405.261963 0.000000 0.651991 0.000000 0.758227 0.000000 0.000000 0.000000
4949.705078 0.000000 2399.211426 0.000000 0.998235 0.000000 0.059390 0.000000 0.000000 0.000000
4968.832520 0.000000 2375.844971 0.000000 0.878023 0.000000 0.478618 0.000000 0.000000 0.000000
4950.478027 0.000000 2407.237061 0.000000 0.999207 0.000000 0.039824 0.000000 0.000000 0.000000
4930.500488 0.000000 2392.087891 0.000000 0.248305 0.000000 0.968682 1.000000 1.000000 1.000000
4865.451172 0.000000 2441.003662 0.000000 0.097648 0.000000 0.995221 0.000000 0.000000 0.000000
4912.205566 0.000000 2485.286865 0.000000 0.972693 0.000000 0.232094 0.000000 0.000000 0.000000
4922.368164 0.000000 2480.754150 0.000000 0.570765 0.000000 0.821113 0.000000 0.000000 0.000000
4908.760254 0.000000 2467.333252 0.000000 0.917645 0.000000 0.397401 0.000000 0.000000 0.000000
4966.230957 0.000000 2467.357178 0.000000 0.824006 0.000000 0.566581 0.000000 0.000000 0.000000
4976.205566 0.000000 2485.286865 0.000000 0.995471 0.000000 0.095071 0.000000 0.000000 0.000000
4713.260742 0.000000 2529.534668 0.000000 0.243790 0.000000 0.969828 0.000000 0.000000 0.000000
4794.807129 0.000000 2491.967041 0.000000 0.469762 0.000000 0.882793 0.000000 0.000000 0.000000
4828.793945 0.000000 2488.154297 0.000000 0.084762 0.000000 0.996401 0.000000 0.000000 0.000000
4849.272949 0.000000 2518.937500 0.000000 0.769796 0.000000 0.638290 0.000000 0.000000 0.000000
4863.958008 0.000000 2506.211426 0.000000 0.945353 0.000000 0.326049 0.000000 0.000000 0.000000
4837.432617 0.000000 2496.339600 0.000000 0.906873 0.000000 0.421405 0.000000 0.000000 0.000000
4852.365234 0.000000 2524.578857 0.000000 0.517696 0.000000 0.855565 0.000000 0.000000 0.000000
4861.292480 0.000000 2497.871582 0.000000 0.579812 0.000000 0.814750 1.000000 1.000000 1.000000
4865.451172 0.000000 2497.488037 0.000000 0.901166 0.000000 0.433475 0.000000 0.000000 0.000000
4885.705078 0.000000 2512.180176 0.000000 0.841559 0.000000 0.540166 0.000000 0.000000 0.000000
4873.203613 0.000000 2521.013184 0.000000 0.620583 0.000000 0.784141 0.000000 0.000000 0.000000
4887.491699 0.000000 2485.944092 0.000000 0.750354 0.000000 0.661036 0.000000 0.000000 0.000000
4937.400879 0.000000 2501.431641 0.000000 0.590404 0.000000 0.807108 0.000000 0.000000 0.000000
5037.516602 0.000000 2500.045898 0.000000 0.937928 0.000000 0.346830 0.000000 0.000000 0.000000
5050.544434 0.000000 2525.735596 0.000000 0.125278 0.000000 0.992122 0.000000 0.000000 0.000000
5004.978516 0.000000 2486.048584 0.000000 0.272829 0.000000 0.962063 1.000000 1.000000 1.000000
5055.487305 0.000000 2515.540283 0.000000 0.999517 0.000000 0.031086 0.000000 0.000000 0.000000
5018.122559 0.000000 2496.120850 0.000000 0.063721 0.000000 0.997968 0.000000 0.000000 0.000000
5036.062988 0.000000 2494.301514 0.000000 0.007433 0.000000 0.999972 0.000000 0.000000 0.000000
5057.451172 0.000000 2497.488037 0.000000 0.034317 0.000000 0.999411 0.000000 0.000000 0.000000
5087.453613 0.000000 2502.042725 0.000000 0.992171 0.000000 0.124889 0.000000 0.000000 0.000000
5076.569336 0.000000 2490.698975 0.000000 0.105989 0.000000 0.994367 0.000000 0.000000 0.000000
5117.248047 0.000000 2531.314453 0.000000 0.406654 0.000000 0.913582 0.000000 0.000000 0.000000
5041.272949 0.000000 2575.421875 0.000000 0.153630 0.000000 0.988128 0.000000 0.000000 0.000000
5030.893555 0.000000 2561.244141 0.000000 0.304469 0.000000 0.952522 0.000000 0.000000 0.000000
4999.979980 0.000000 2583.932129 0.000000 0.732080 0.000000 0.681218 0.000000 0.000000 0.000000
5077.705078 0.000000 2568.664551 0.000000 0.737301 0.000000 0.675564 0.000000 0.000000 0.000000
5084.793945 0.000000 2544.638672 0.000000 0.893036 0.000000 0.449986 0.000000 0.000000 0.000000
5056.254883 0.000000 2588.937744 0.000000 0.696232 0.000000 0.717817 0.000000 0.000000 0.000000
5078.478027 0.000000 2576.690186 0.000000 0.964235 0.000000 0.265050 0.000000 0.000000 0.000000
5086.530273 0.000000 2565.256836 0.000000 0.953759 0.000000 0.300572 0.000000 0.000000 0.000000
5079.491699 0.000000 2542.428467 0.000000 0.545542 0.000000 0.838084 1.000000 1.000000 1.000000
4986.544434 0.000000 2638.704346 0.000000 0.610944 0.000000 0.791674 0.000000 0.000000 0.000000
5015.890625 0.000000 2617.338867 0.000000 0.664714 0.000000 0.747098 0.000000 0.000000 0.000000
5029.432617 0.000000 2665.792725 0.000000 0.542040 0.000000 0.840352 0.000000 0.000000 0.000000
5006.873047 0.000000 2662.812744 0.000000 0.466589 0.000000 0.884474 0.000000 0.000000 0.000000
5023.826172 0.000000 2662.887939 0.000000 0.263249 0.000000 0.964728 1.000000 1.000000 1.000000
5070.873047 0.000000 2662.812744 0.000000 0.963272 0.000000 0.268526 0.000000 0.000000 0.000000
5807.722656 0.000000 1851.819702 0.000000 0.691249 0.000000 0.722616 0.000000 0.000000 0.000000
5809.272949 0.000000 1841.124878 0.000000 0.999819 0.000000 0.019044 0.000000 0.000000 0.000000
5844.968750 0.000000 1859.625122 0.000000 0.566593 0.000000 0.823998 0.000000 0.000000 0.000000
5791.453613 0.000000 1880.714478 0.000000 0.676812 0.000000 0.736156 0.000000 0.000000 0.000000
5775.130859 0.000000 1903.356201 0.000000 0.818147 0.000000 0.575009 0.000000 0.000000 0.000000
5774.007324 0.000000 1894.874634 0.000000 0.346723 0.000000 0.937967 1.000000 1.000000 1.000000
5783.890625 0.000000 1883.042114 0.000000 0.336660 0.000000 0.941626 0.000000 0.000000 0.000000
5794.900879 0.000000 1864.049072 0.000000 0.562072 0.000000 0.827088 0.000000 0.000000 0.000000
5791.826172 0.000000 1872.106812 0.000000 0.991108 0.000000 0.133061 1.000000 1.000000 1.000000
5805.943359 0.000000 1866.339355 0.000000 0.834519 0.000000 0.550980 1.000000 1.000000 1.000000
5882.544434 0.000000 1904.407471 0.000000 0.303959 0.000000 0.952685 1.000000 1.000000 1.000000
5871.722656 0.000000 1908.304077 0.000000 0.591061 0.000000 0.806627 1.000000 1.000000 1.000000
5887.487305 0.000000 1894.212036 0.000000 0.875116 0.000000 0.483913 0.000000 0.000000 0.000000
5880.550781 0.000000 1896.843506 0.000000 0.665742 0.000000 0.746182 0.000000 0.000000 0.000000
5876.365234 0.000000 1903.250610 0.000000 0.935368 0.000000 0.353676 1.000000 1.000000 1.000000
5849.621582 0.000000 1911.859253 0.000000 0.966017 0.000000 0.258479 0.000000 0.000000 0.000000
5885.658691 0.000000 1899.300171 0.000000 0.865893 0.000000 0.500229 0.000000 0.000000 0.000000
5679.722656 0.000000 2021.272827 0.000000 0.791430 0.000000 0.611259 0.000000 0.000000 0.000000
5805.516602 0.000000 1935.202026 0.000000 0.821907 0.000000 0.569622 0.000000 0.000000 0.000000
5781.705078 0.000000 1947.336426 0.000000 0.999851 0.000000 0.017274 0.000000 0.000000 0.000000
5761.318848 0.000000 1959.357178 0.000000 0.563178 0.000000 0.826336 0.000000 0.000000 0.000000
5788.793945 0.000000 1923.310547 0.000000 0.564880 0.000000 0.825173 0.000000 0.000000 0.000000
5764.458496 0.000000 1974.934692 0.000000 0.497751 0.000000 0.867320 0.000000 0.000000 0.000000
5775.130859 0.000000 1959.840576 0.000000 0.999798 0.000000 0.020077 0.000000 0.000000 0.000000
5771.959473 0.000000 1968.959595 0.000000 0.597562 0.000000 0.801823 0.000000 0.000000 0.000000
5767.979980 0.000000 1962.604004 0.000000 0.981526 0.000000 0.191331 0.000000 0.000000 0.000000
5869.516602 0.000000 1935.202026 0.000000 0.048257 0.000000 0.998835 0.000000 0.000000 0.000000
5828.458496 0.000000 1974.934692 0.000000 0.580346 0.000000 0.814370 0.000000 0.000000 0.000000
5836.978516 0.000000 1921.204712 0.000000 0.926729 0.000000 0.375731 0.000000 0.000000 0.000000
5855.453613 0.000000 1937.198853 0.000000 0.457818 0.000000 0.889046 0.000000 0.000000 0.000000
5847.890625 0.000000 1939.526489 0.000000 0.576379 0.000000 0.817183 0.000000 0.000000 0.000000
5850.122559 0.000000 1931.277100 0.000000 0.769086 0.000000 0.639145 1.000000 1.000000 1.000000
5838.953125 0.000000 1974.440430 0.000000 0.754610 0.000000 0.656173 0.000000 0.000000 0.000000
5778.127930 0.000000 1990.229126 0.000000 0.984342 0.000000 0.176270 0.000000 0.000000 0.000000
5769.400879 0.000000 1993.072266 0.000000 0.930557 0.000000 0.366147 1.000000 1.000000 1.000000
5783.890625 0.000000 1996.010864 0.000000 0.956182 0.000000 0.292774 1.000000 1.000000 1.000000
5786.122559 0.000000 1987.761475 0.000000 0.293280 0.000000 0.956027 0.000000 0.000000 0.000000
5821.292480 0.000000 1989.512085 0.000000 0.205425 0.000000 0.978673 1.000000 1.000000 1.000000
5810.789551 0.000000 1989.040405 0.000000 0.798960 0.000000 0.601384 0.000000 0.000000 0.000000
5836.978516 0.000000 1977.689087 0.000000 1.000000 0.000000 0.000309 0.000000 0.000000 0.000000
5842.127930 0.000000 1990.229126 0.000000 0.585137 0.000000 0.810935 0.000000 0.000000 0.000000
5832.407715 0.000000 1984.765503 0.000000 0.769044 0.000000 0.639196 0.000000 0.000000 0.000000
5838.873047 0.000000 1985.000244 0.000000 0.934000 0.000000 0.357272 1.000000 1.000000 1.000000
5889.451172 0.000000 1819.675659 0.000000 0.426406 0.000000 0.904532 0.000000 0.000000 0.000000
5892.458496 0.000000 1861.965942 0.000000 0.975558 0.000000 0.219742 0.000000 0.000000 0.000000
5896.407715 0.000000 1815.312378 0.000000 0.556206 0.000000 0.831044 0.000000 0.000000 0.000000
5911.890625 0.000000 1826.557739 0.000000 0.016875 0.000000 0.999858 0.000000 0.000000 0.000000
5900.978516 0.000000 1864.720337 0.000000 0.201390 0.000000 0.979511 0.000000 0.000000 0.000000
5896.407715 0.000000 1871.796753 0.000000 0.157398 0.000000 0.987535 0.000000 0.000000 0.000000
5972.968750 0.000000 1916.109497 0.000000 0.548619 0.000000 0.836072 0.000000 0.000000 0.000000
5956.458496 0.000000 1918.450317 0.000000 0.578564 0.000000 0.815637 0.000000 0.000000 0.000000
5963.959473 0.000000 1912.475220 0.000000 0.438109 0.000000 0.898922 0.000000 0.000000 0.000000
5895.979980 0.000000 1962.604004 0.000000 0.993314 0.000000 0.115445 0.000000 0.000000 0.000000
5939.456055 0.000000 1970.756958 0.000000 0.138945 0.000000 0.990300 1.000000 1.000000 1.000000
5897.203613 0.000000 1956.169556 0.000000 0.702566 0.000000 0.711618 0.000000 0.000000 0.000000
5943.107910 0.000000 1965.670044 0.000000 0.991336 0.000000 0.131350 1.000000 1.000000 1.000000
5980.793945 0.000000 1923.310547 0.000000 0.102305 0.000000 0.994753 0.000000 0.000000 0.000000
5959.671387 0.000000 1945.325317 0.000000 0.999554 0.000000 0.029859 0.000000 0.000000 0.000000
5983.453613 0.000000 1937.198853 0.000000 0.893596 0.000000 0.448873 0.000000 0.000000 0.000000
5993.563477 0.000000 1946.959717 0.000000 0.025830 0.000000 0.999666 0.000000 0.000000 0.000000
5954.396484 0.000000 1922.330933 0.000000 0.568183 0.000000 0.822902 0.000000 0.000000 0.000000
5993.260742 0.000000 1964.690918 0.000000 0.622226 0.000000 0.782837 0.000000 0.000000 0.000000
5966.873047 0.000000 1928.515869 0.000000 0.341181 0.000000 0.939997 1.000000 1.000000 1.000000
5929.385742 0.000000 2009.871216 0.000000 0.678301 0.000000 0.734784 0.000000 0.000000 0.000000
5964.978516 0.000000 1977.689087 0.000000 0.993910 0.000000 0.110197 0.000000 0.000000 0.000000
6010.807129 0.000000 1983.607666 0.000000 0.227847 0.000000 0.973697 0.000000 0.000000 0.000000
5961.400879 0.000000 1993.072266 0.000000 0.119454 0.000000 0.992840 0.000000 0.000000 0.000000
5972.569336 0.000000 1982.339600 0.000000 0.396473 0.000000 0.918046 0.000000 0.000000 0.000000
5975.890625 0.000000 1996.010864 0.000000 0.063358 0.000000 0.997991 1.000000 1.000000 1.000000
6020.032715 0.000000 2008.564697 0.000000 0.967311 0.000000 0.253592 0.000000 0.000000 0.000000
5808.205566 0.000000 2089.896240 0.000000 0.702882 0.000000 0.711306 0.000000 0.000000 0.000000
5801.563477 0.000000 2059.928467 0.000000 0.491598 0.000000 0.870822 0.000000 0.000000 0.000000
5839.130859 0.000000 2072.809326 0.000000 0.738043 0.000000 0.674753 0.000000 0.000000 0.000000
5854.236816 0.000000 2085.967285 0.000000 0.989492 0.000000 0.144591 0.000000 0.000000 0.000000
5852.793945 0.000000 2092.763672 0.000000 0.304823 0.000000 0.952409 0.000000 0.000000 0.000000
5815.107910 0.000000 2191.607666 0.000000 0.620337 0.000000 0.784335 1.000000 1.000000 1.000000
5885.248047 0.000000 2192.408203 0.000000 0.954531 0.000000 0.298112 0.000000 0.000000 0.000000
5889.318848 0.000000 2072.325928 0.000000 0.999577 0.000000 0.029093 0.000000 0.000000 0.000000
5895.671387 0.000000 2058.293945 0.000000 0.733561 0.000000 0.679623 1.000000 1.000000 1.000000
5929.563477 0.000000 2059.928467 0.000000 0.108656 0.000000 0.994079 0.000000 0.000000 0.000000
5889.017578 0.000000 2060.130615 0.000000 0.904600 0.000000 0.426262 1.000000 1.000000 1.000000
5983.758301 0.000000 2063.597168 0.000000 0.931506 0.000000 0.363727 0.000000 0.000000 0.000000
5959.979980 0.000000 2075.572754 0.000000 0.239221 0.000000 0.970965 0.000000 0.000000 0.000000
6017.451172 0.000000 2045.613159 0.000000 0.993063 0.000000 0.117586 0.000000 0.000000 0.000000
6037.705078 0.000000 2060.305176 0.000000 0.561280 0.000000 0.827626 0.000000 0.000000 0.000000
6138.807129 0.000000 2040.092041 0.000000 0.633060 0.000000 0.774103 0.000000 0.000000 0.000000
6121.563477 0.000000 2059.928467 0.000000 0.117339 0.000000 0.993092 0.000000 0.000000 0.000000
6086.215332 0.000000 2082.375244 0.000000 0.318640 0.000000 0.947876 0.000000 0.000000 0.000000
6028.978516 0.000000 2090.657959 0.000000 0.952290 0.000000 0.305196 0.000000 0.000000 0.000000
6063.722656 0.000000 2134.241455 0.000000 0.153171 0.000000 0.988200 0.000000 0.000000 0.000000
6036.089355 0.000000 2134.738770 0.000000 0.786289 0.000000 0.617859 0.000000 0.000000 0.000000
6030.873047 0.000000 2097.968994 0.000000 0.435042 0.000000 0.900410 0.000000 0.000000 0.000000
6108.793945 0.000000 2092.763672 0.000000 0.829682 0.000000 0.558236 0.000000 0.000000 0.000000
6129.272949 0.000000 2123.546875 0.000000 0.998971 0.000000 0.045357 0.000000 0.000000 0.000000
6089.203613 0.000000 2125.622559 0.000000 0.686951 0.000000 0.726704 1.000000 1.000000 1.000000
6111.826172 0.000000 2098.044189 0.000000 0.181018 0.000000 0.983480 0.000000 0.000000 0.000000
5296.205566 0.000000 2372.318115 0.000000 0.197210 0.000000 0.980361 0.000000 0.000000 0.000000
5274.979980 0.000000 2357.692139 0.000000 0.699432 0.000000 0.714700 0.000000 0.000000 0.000000
5323.959473 0.000000 2364.350342 0.000000 0.970765 0.000000 0.240033 0.000000 0.000000 0.000000
5239.638184 0.000000 2388.087158 0.000000 0.902391 0.000000 0.430919 1.000000 1.000000 1.000000
5168.205566 0.000000 2485.286865 0.000000 0.834982 0.000000 0.550277 0.000000 0.000000 0.000000
5164.760254 0.000000 2467.333252 0.000000 0.103925 0.000000 0.994585 0.000000 0.000000 0.000000
5268.569336 0.000000 2377.730225 0.000000 0.104731 0.000000 0.994501 0.000000 0.000000 0.000000
5282.900879 0.000000 2372.408447 0.000000 0.882810 0.000000 0.469729 0.000000 0.000000 0.000000
5357.516602 0.000000 2387.077148 0.000000 0.966130 0.000000 0.258055 0.000000 0.000000 0.000000
5350.230957 0.000000 2410.872803 0.000000 0.307384 0.000000 0.951586 0.000000 0.000000 0.000000
5340.793945 0.000000 2375.185547 0.000000 0.687007 0.000000 0.726650 0.000000 0.000000 0.000000
5360.205566 0.000000 2428.802490 0.000000 0.873063 0.000000 0.487607 0.000000 0.000000 0.000000
5346.900879 0.000000 2372.408447 0.000000 0.895835 0.000000 0.444388 1.000000 1.000000 1.000000
5362.789551 0.000000 2384.431152 0.000000 0.257980 0.000000 0.966150 1.000000 1.000000 1.000000
5498.544434 0.000000 2356.282471 0.000000 0.439829 0.000000 0.898081 0.000000 0.000000 0.000000
5377.318848 0.000000 2411.232178 0.000000 0.890616 0.000000 0.454755 0.000000 0.000000 0.000000
5380.458496 0.000000 2426.809814 0.000000 0.881614 0.000000 0.471972 0.000000 0.000000 0.000000
5423.722656 0.000000 2416.663330 0.000000 0.973799 0.000000 0.227411 0.000000 0.000000 0.000000
5384.407715 0.000000 2436.640381 0.000000 0.288280 0.000000 0.957546 0.000000 0.000000 0.000000
5616.205566 0.000000 2428.802490 0.000000 0.991317 0.000000 0.131493 0.000000 0.000000 0.000000
5121.318848 0.000000 2524.200928 0.000000 0.882301 0.000000 0.470685 0.000000 0.000000 0.000000
5158.230957 0.000000 2523.841553 0.000000 0.941061 0.000000 0.338238 0.000000 0.000000 0.000000
5183.958008 0.000000 2506.211426 0.000000 0.138516 0.000000 0.990360 0.000000 0.000000 0.000000
5120.254883 0.000000 2532.453369 0.000000 0.787831 0.000000 0.615892 0.000000 0.000000 0.000000
5142.478027 0.000000 2520.205811 0.000000 0.911189 0.000000 0.411989 0.000000 0.000000 0.000000
5181.248047 0.000000 2531.314453 0.000000 0.998017 0.000000 0.062941 0.000000 0.000000 0.000000
5193.400879 0.000000 2501.431641 0.000000 0.898762 0.000000 0.438436 0.000000 0.000000 0.000000
5199.272949 0.000000 2507.230957 0.000000 0.871449 0.000000 0.490486 0.000000 0.000000 0.000000
5207.890625 0.000000 2504.370117 0.000000 0.046984 0.000000 0.998896 0.000000 0.000000 0.000000
5160.832520 0.000000 2545.298096 0.000000 0.977084 0.000000 0.212855 0.000000 0.000000 0.000000
5296.205566 0.000000 2541.771240 0.000000 0.154016 0.000000 0.988068 0.000000 0.000000 0.000000
5333.705078 0.000000 2568.664551 0.000000 0.341946 0.000000 0.939719 0.000000 0.000000 0.000000
5364.365234 0.000000 2581.063232 0.000000 0.012025 0.000000 0.999928 1.000000 1.000000 1.000000
5347.765137 0.000000 2567.644043 0.000000 0.165890 0.000000 0.986144 0.000000 0.000000 0.000000
5338.074219 0.000000 2572.313232 0.000000 0.922624 0.000000 0.385700 0.000000 0.000000 0.000000
5140.968750 0.000000 2650.406250 0.000000 0.208141 0.000000 0.978099 0.000000 0.000000 0.000000
5135.272949 0.000000 2620.199707 0.000000 0.583397 0.000000 0.812187 0.000000 0.000000 0.000000
5127.671387 0.000000 2679.622070 0.000000 0.971969 0.000000 0.235109 0.000000 0.000000 0.000000
5232.541992 0.000000 2677.350830 0.000000 0.228884 0.000000 0.973454 0.000000 0.000000 0.000000
5321.400879 0.000000 2614.400391 0.000000 0.997735 0.000000 0.067268 0.000000 0.000000 0.000000
5326.007324 0.000000 2629.171387 0.000000 0.202384 0.000000 0.979306 0.000000 0.000000 0.000000
5316.458496 0.000000 2709.231689 0.000000 0.851873 0.000000 0.523749 0.000000 0.000000 0.000000
5406.236816 0.000000 2594.326660 0.000000 0.297061 0.000000 0.954859 0.000000 0.000000 0.000000
5580.978516 0.000000 2486.048584 0.000000 0.814139 0.000000 0.580670 0.000000 0.000000 0.000000
5617.519043 0.000000 2491.642090 0.000000 0.983745 0.000000 0.179569 0.000000 0.000000 0.000000
5588.569336 0.000000 2490.698975 0.000000 0.972256 0.000000 0.233919 0.000000 0.000000 0.000000
5616.205566 0.000000 2598.255615 0.000000 0.972211 0.000000 0.234105 0.000000 0.000000 0.000000
5413.982422 0.000000 2705.027344 0.000000 0.995936 0.000000 0.090064 0.000000 0.000000 0.000000
5472.032227 0.000000 2691.703613 0.000000 0.182405 0.000000 0.983223 1.000000 1.000000 1.000000
5567.958008 0.000000 2619.180176 0.000000 0.969932 0.000000 0.243378 0.000000 0.000000 0.000000
5572.458496 0.000000 2652.747314 0.000000 0.868094 0.000000 0.496400 0.000000 0.000000 0.000000
5541.432617 0.000000 2665.792725 0.000000 0.562201 0.000000 0.827001 0.000000 0.000000 0.000000
5716.968750 0.000000 2480.953125 0.000000 0.872614 0.000000 0.488411 0.000000 0.000000 0.000000
5722.979980 0.000000 2470.660889 0.000000 0.954485 0.000000 0.298260 0.000000 0.000000 0.000000
5721.621582 0.000000 2476.702881 0.000000 0.513674 0.000000 0.857985 1.000000 1.000000 1.000000
5780.968750 0.000000 2480.953125 0.000000 0.928266 0.000000 0.371916 0.000000 0.000000 0.000000
5766.215332 0.000000 2477.765869 0.000000 0.186188 0.000000 0.982514 1.000000 1.000000 1.000000
5636.458496 0.000000 2539.778564 0.000000 0.658022 0.000000 0.752998 0.000000 0.000000 0.000000
5697.451172 0.000000 2497.488037 0.000000 0.999500 0.000000 0.031623 0.000000 0.000000 0.000000
5734.230957 0.000000 2523.841553 0.000000 0.935941 0.000000 0.352158 0.000000 0.000000 0.000000
5700.458496 0.000000 2539.778564 0.000000 0.857581 0.000000 0.514348 0.000000 0.000000 0.000000
5711.272949 0.000000 2507.230957 0.000000 0.782381 0.000000 0.622800 0.000000 0.000000 0.000000
5737.385742 0.000000 2518.230713 0.000000 0.885622 0.000000 0.464406 0.000000 0.000000 0.000000
5757.248047 0.000000 2531.314453 0.000000 0.867389 0.000000 0.497630 0.000000 0.000000 0.000000
5655.890625 0.000000 2560.854492 0.000000 0.999211 0.000000 0.039712 0.000000 0.000000 0.000000
5708.978516 0.000000 2542.532959 0.000000 0.737681 0.000000 0.675149 0.000000 0.000000 0.000000
5769.400879 0.000000 2501.431641 0.000000 0.490591 0.000000 0.871390 0.000000 0.000000 0.000000
5797.432617 0.000000 2496.339600 0.000000 0.952085 0.000000 0.305835 1.000000 1.000000 1.000000
5825.318848 0.000000 2524.200928 0.000000 0.906293 0.000000 0.422650 0.000000 0.000000 0.000000
5828.458496 0.000000 2539.778564 0.000000 0.078171 0.000000 0.996940 0.000000 0.000000 0.000000
5818.544434 0.000000 2582.219971 0.000000 0.803400 0.000000 0.595440 0.000000 0.000000 0.000000
5767.671387 0.000000 2566.653320 0.000000 0.705339 0.000000 0.708870 0.000000 0.000000 0.000000
5823.958008 0.000000 2562.695801 0.000000 0.920756 0.000000 0.390139 0.000000 0.000000 0.000000
5844.968750 0.000000 2593.921875 0.000000 0.948009 0.000000 0.318243 0.000000 0.000000 0.000000
5882.807129 0.000000 2548.451416 0.000000 0.845973 0.000000 0.533226 0.000000 0.000000 0.000000
5880.550781 0.000000 2574.656006 0.000000 0.802205 0.000000 0.597048 0.000000 0.000000 0.000000
5826.500488 0.000000 2561.541016 0.000000 0.387798 0.000000 0.921744 0.000000 0.000000 0.000000
5677.516602 0.000000 2613.014648 0.000000 0.747824 0.000000 0.663897 0.000000 0.000000 0.000000
5633.451172 0.000000 2610.456787 0.000000 0.224808 0.000000 0.974403 0.000000 0.000000 0.000000
5716.089355 0.000000 2699.582520 0.000000 0.464052 0.000000 0.885808 0.000000 0.000000 0.000000
5798.230957 0.000000 2693.294678 0.000000 0.077335 0.000000 0.997005 0.000000 0.000000 0.000000
5808.205566 0.000000 2711.224365 0.000000 0.722792 0.000000 0.691066 0.000000 0.000000 0.000000
5780.089355 0.000000 2699.582520 0.000000 0.881792 0.000000 0.471638 0.000000 0.000000 0.000000
5828.458496 0.000000 2709.231689 0.000000 0.965567 0.000000 0.260155 0.000000 0.000000 0.000000
5855.453613 0.000000 2671.495850 0.000000 0.339199 0.000000 0.940715 0.000000 0.000000 0.000000
6000.205566 0.000000 2541.771240 0.000000 0.983279 0.000000 0.182106 0.000000 0.000000 0.000000
5895.671387 0.000000 2566.653320 0.000000 0.985355 0.000000 0.170514 0.000000 0.000000 0.000000
5919.758301 0.000000 2571.956543 0.000000 0.908674 0.000000 0.417507 0.000000 0.000000 0.000000
5903.272949 0.000000 2563.715332 0.000000 0.726375 0.000000 0.687299 0.000000 0.000000 0.000000
5956.458496 0.000000 2596.262939 0.000000 0.560440 0.000000 0.828195 0.000000 0.000000 0.000000
5959.671387 0.000000 2566.653320 0.000000 0.721638 0.000000 0.692271 0.000000 0.000000 0.000000
5983.453613 0.000000 2558.527100 0.000000 0.104460 0.000000 0.994529 1.000000 1.000000 1.000000
5961.400879 0.000000 2557.916016 0.000000 0.858025 0.000000 0.513607 0.000000 0.000000 0.000000
5952.254883 0.000000 2588.937744 0.000000 1.000000 0.000000 0.000288 0.000000 0.000000 0.000000
5990.893555 0.000000 2561.244141 0.000000 0.160459 0.000000 0.987043 0.000000 0.000000 0.000000
5954.500488 0.000000 2561.541016 0.000000 0.752883 0.000000 0.658154 0.000000 0.000000 0.000000
5902.007324 0.000000 2629.171387 0.000000 0.994949 0.000000 0.100380 0.000000 0.000000 0.000000
5949.292480 0.000000 2610.840332 0.000000 0.274694 0.000000 0.961532 1.000000 1.000000 1.000000
5911.491699 0.000000 2598.912842 0.000000 0.818101 0.000000 0.575074 1.000000 1.000000 1.000000
5997.516602 0.000000 2613.014648 0.000000 0.988265 0.000000 0.152749 0.000000 0.000000 0.000000
5964.978516 0.000000 2599.017334 0.000000 0.457373 0.000000 0.889275 0.000000 0.000000 0.000000
5954.396484 0.000000 2600.143311 0.000000 0.688771 0.000000 0.724979 0.000000 0.000000 0.000000
5972.569336 0.000000 2603.667725 0.000000 0.954830 0.000000 0.297153 0.000000 0.000000 0.000000
5990.893555 0.000000 2617.728516 0.000000 0.195659 0.000000 0.980672 0.000000 0.000000 0.000000
5954.500488 0.000000 2618.025391 0.000000 0.056507 0.000000 0.998402 1.000000 1.000000 1.000000
5928.832520 0.000000 2658.266846 0.000000 0.036688 0.000000 0.999327 0.000000 0.000000 0.000000
5946.368164 0.000000 2706.691650 0.000000 0.951918 0.000000 0.306354 0.000000 0.000000 0.000000
5997.516602 0.000000 2669.499023 0.000000 0.957889 0.000000 0.287139 0.000000 0.000000 0.000000
5953.451172 0.000000 2666.941162 0.000000 0.880523 0.000000 0.474003 0.000000 0.000000 0.000000
5983.826172 0.000000 2662.887939 0.000000 0.859224 0.000000 0.511599 1.000000 1.000000 1.000000
6064.205566 0.000000 2654.739990 0.000000 0.436947 0.000000 0.899487 0.000000 0.000000 0.000000
6020.458496 0.000000 2652.747314 0.000000 0.769020 0.000000 0.639225 0.000000 0.000000 0.000000
6020.032715 0.000000 2629.892822 0.000000 0.605880 0.000000 0.795556 0.000000 0.000000 0.000000
6025.203613 0.000000 2633.981934 0.000000 0.861664 0.000000 0.507479 0.000000 0.000000 0.000000
6071.638184 0.000000 2670.509033 0.000000 0.329181 0.000000 0.944267 0.000000 0.000000 0.000000
6070.816895 0.000000 2656.016357 0.000000 0.842028 0.000000 0.539434 0.000000 0.000000 0.000000
6077.248047 0.000000 2700.767578 0.000000 0.609385 0.000000 0.792875 0.000000 0.000000 0.000000
6138.807129 0.000000 2661.420166 0.000000 0.470583 0.000000 0.882356 0.000000 0.000000 0.000000
6110.236816 0.000000 2707.295410 0.000000 0.781466 0.000000 0.623948 0.000000 0.000000 0.000000
6135.107910 0.000000 2699.967041 0.000000 0.157420 0.000000 0.987532 0.000000 0.000000 0.000000
6080.098633 0.000000 2661.714600 0.000000 0.634630 0.000000 0.772816 0.000000 0.000000 0.000000
5134.873047 0.000000 2719.297119 0.000000 0.897328 0.000000 0.441364 0.000000 0.000000 0.000000
5120.098633 0.000000 2718.198975 0.000000 0.553152 0.000000 0.833081 0.000000 0.000000 0.000000
5205.705078 0.000000 2738.117676 0.000000 0.844861 0.000000 0.534986 0.000000 0.000000 0.000000
5215.453613 0.000000 2727.980225 0.000000 0.389761 0.000000 0.920916 0.000000 0.000000 0.000000
5396.968750 0.000000 2763.375000 0.000000 0.911063 0.000000 0.412267 0.000000 0.000000 0.000000
5404.793945 0.000000 2714.091797 0.000000 0.832313 0.000000 0.554306 0.000000 0.000000 0.000000
5417.260742 0.000000 2755.472168 0.000000 0.538275 0.000000 0.842769 0.000000 0.000000 0.000000
5437.248047 0.000000 2757.251953 0.000000 0.434085 0.000000 0.900872 0.000000 0.000000 0.000000
5454.953125 0.000000 2765.221680 0.000000 0.200056 0.000000 0.979784 1.000000 1.000000 1.000000
5404.793945 0.000000 2770.576172 0.000000 0.055720 0.000000 0.998446 0.000000 0.000000 0.000000
5384.407715 0.000000 2775.546631 0.000000 0.998650 0.000000 0.051937 0.000000 0.000000 0.000000
5408.032227 0.000000 2804.672363 0.000000 0.999985 0.000000 0.005504 0.000000 0.000000 0.000000
5417.260742 0.000000 2811.956543 0.000000 0.908828 0.000000 0.417171 1.000000 1.000000 1.000000
5524.968750 0.000000 2763.375000 0.000000 0.803714 0.000000 0.595016 0.000000 0.000000 0.000000
5562.544434 0.000000 2751.673096 0.000000 0.709456 0.000000 0.704750 0.000000 0.000000 0.000000
5519.130859 0.000000 2750.621826 0.000000 0.718648 0.000000 0.695374 0.000000 0.000000 0.000000
5575.671387 0.000000 2792.590820 0.000000 0.756833 0.000000 0.653608 0.000000 0.000000 0.000000
5588.569336 0.000000 2773.120850 0.000000 0.580230 0.000000 0.814452 0.000000 0.000000 0.000000
5728.032227 0.000000 2804.672363 0.000000 0.232966 0.000000 0.972485 1.000000 1.000000 1.000000
5821.512207 0.000000 2711.276123 0.000000 0.585601 0.000000 0.810600 0.000000 0.000000 0.000000
5880.550781 0.000000 2744.109131 0.000000 0.810360 0.000000 0.585933 0.000000 0.000000 0.000000
5775.130859 0.000000 2807.106201 0.000000 0.895009 0.000000 0.446049 0.000000 0.000000 0.000000
5855.453613 0.000000 2784.464600 0.000000 0.906957 0.000000 0.421223 0.000000 0.000000 0.000000
5828.032715 0.000000 2799.345947 0.000000 0.255657 0.000000 0.966767 0.000000 0.000000 0.000000
6010.368164 0.000000 2763.176025 0.000000 0.774563 0.000000 0.632496 0.000000 0.000000 0.000000
5951.958008 0.000000 2788.633301 0.000000 0.393283 0.000000 0.919418 0.000000 0.000000 0.000000
5920.032227 0.000000 2804.672363 0.000000 0.729899 0.000000 0.683555 0.000000 0.000000 0.000000
5953.451172 0.000000 2779.909912 0.000000 0.999207 0.000000 0.039812 0.000000 0.000000 0.000000
5990.230957 0.000000 2806.263428 0.000000 0.848191 0.000000 0.529690 0.000000 0.000000 0.000000
5978.979980 0.000000 2809.567139 0.000000 0.977198 0.000000 0.212331 0.000000 0.000000 0.000000
5993.385742 0.000000 2800.652588 0.000000 0.671706 0.000000 0.740817 0.000000 0.000000 0.000000
6108.793945 0.000000 2714.091797 0.000000 0.069066 0.000000 0.997612 0.000000 0.000000 0.000000
6138.807129 0.000000 2717.904541 0.000000 0.941014 0.000000 0.338367 0.000000 0.000000 0.000000
6111.453613 0.000000 2727.980225 0.000000 0.622636 0.000000 0.782512 0.000000 0.000000 0.000000
6117.432617 0.000000 2722.277100 0.000000 0.156364 0.000000 0.987700 0.000000 0.000000 0.000000
6131.456055 0.000000 2761.538330 0.000000 0.638504 0.000000 0.769618 0.000000 0.000000 0.000000
6110.530273 0.000000 2734.709961 0.000000 0.712125 0.000000 0.702052 0.000000 0.000000 0.000000
6089.203613 0.000000 2746.950684 0.000000 0.946553 0.000000 0.322549 0.000000 0.000000 0.000000
6098.127930 0.000000 2781.010498 0.000000 0.836353 0.000000 0.548191 0.000000 0.000000 0.000000
6192.205566 0.000000 2089.896240 0.000000 0.672028 0.000000 0.740526 0.000000 0.000000 0.000000
6176.032227 0.000000 2070.375488 0.000000 0.809768 0.000000 0.586750 0.000000 0.000000 0.000000
6158.953125 0.000000 2087.409180 0.000000 0.933598 0.000000 0.358323 1.000000 1.000000 1.000000
6189.516602 0.000000 2104.655273 0.000000 0.393259 0.000000 0.919428 0.000000 0.000000 0.000000
6188.062988 0.000000 2098.910889 0.000000 0.029578 0.000000 0.999563 0.000000 0.000000 0.000000
6217.400879 0.000000 2106.041016 0.000000 0.986085 0.000000 0.166242 0.000000 0.000000 0.000000
6145.451172 0.000000 2723.425537 0.000000 0.999763 0.000000 0.021749 0.000000 0.000000 0.000000
6162.127930 0.000000 2724.526123 0.000000 0.760423 0.000000 0.649428 0.000000 0.000000 0.000000
6184.832520 0.000000 2714.751221 0.000000 0.848520 0.000000 0.529164 0.000000 0.000000 0.000000
6145.451172 0.000000 2779.909912 0.000000 0.034795 0.000000 0.999394 0.000000 0.000000 0.000000
6151.671387 0.000000 2792.590820 0.000000 0.668672 0.000000 0.743557 0.000000 0.000000 0.000000
6185.563477 0.000000 2794.225342 0.000000 0.171106 0.000000 0.985253 0.000000 0.000000 0.000000
6158.007324 0.000000 2798.624512 0.000000 0.236572 0.000000 0.971614 0.000000 0.000000 0.000000
6158.873047 0.000000 2775.781494 0.000000 0.177387 0.000000 0.984141 0.000000 0.000000 0.000000
6239.453613 0.000000 2784.464600 0.000000 0.949252 0.000000 0.314515 0.000000 0.000000 0.000000
6239.826172 0.000000 2775.856689 0.000000 0.947338 0.000000 0.320237 0.000000 0.000000 0.000000
6310.230957 0.000000 2749.779053 0.000000 0.598509 0.000000 0.801116 0.000000 0.000000 0.000000
6292.089355 0.000000 2756.066895 0.000000 0.918045 0.000000 0.396475 0.000000 0.000000 0.000000
6286.953125 0.000000 2765.221680 0.000000 0.988878 0.000000 0.148726 0.000000 0.000000 0.000000
6336.254883 0.000000 2758.390869 0.000000 0.113441 0.000000 0.993545 0.000000 0.000000 0.000000
6343.979980 0.000000 2753.385254 0.000000 0.009140 0.000000 0.999958 1.000000 1.000000 1.000000
6317.516602 0.000000 2782.467773 0.000000 0.569144 0.000000 0.822238 0.000000 0.000000 0.000000
6312.832520 0.000000 2771.235596 0.000000 0.873660 0.000000 0.486537 0.000000 0.000000 0.000000
6306.900879 0.000000 2767.799072 0.000000 0.931452 0.000000 0.363863 1.000000 1.000000 1.000000
6337.451172 0.000000 2779.909912 0.000000 0.385697 0.000000 0.922626 0.000000 0.000000 0.000000
6373.432617 0.000000 2778.761475 0.000000 0.973562 0.000000 0.228422 0.000000 0.000000 0.000000
"}
object={
	name="arabic_dynamic_forestry_objects_generator_1_1"
	clamp_to_water_level=no
	render_under_water=no
	generated_content=yes
	layer="forestry_dynamic"
	pdxmesh="arabic_forestry_scatter_02_mesh"
	count=398
	transform="5078.478027 0.000000 1559.971436 0.000000 0.579784 0.000000 -0.814770 0.000000 0.000000 0.000000
5086.530273 0.000000 1548.538208 0.000000 0.281736 0.000000 -0.959492 0.000000 0.000000 0.000000
4916.365234 0.000000 1790.281860 0.000000 0.422113 0.000000 -0.906543 0.000000 0.000000 0.000000
4899.765137 0.000000 1776.862915 0.000000 0.183339 0.000000 -0.983050 0.000000 0.000000 0.000000
5124.458496 0.000000 1579.544067 0.000000 0.791453 0.000000 -0.611230 0.000000 0.000000 0.000000
5854.236816 0.000000 1747.061157 0.000000 0.004199 0.000000 -0.999991 0.000000 0.000000 0.000000
5844.089355 0.000000 1739.348145 0.000000 0.866429 0.000000 -0.499301 1.000000 1.000000 1.000000
5856.032227 0.000000 1731.469116 0.000000 0.951793 0.000000 -0.306742 0.000000 0.000000 0.000000
5869.516602 0.000000 1765.748901 0.000000 0.271528 0.000000 -0.962430 0.000000 0.000000 0.000000
5887.958008 0.000000 1771.914673 0.000000 0.767547 0.000000 -0.640993 0.000000 0.000000 0.000000
5846.478027 0.000000 1785.908936 0.000000 0.412590 0.000000 -0.910917 0.000000 0.000000 0.000000
5847.890625 0.000000 1770.073364 0.000000 0.995706 0.000000 -0.092568 0.000000 0.000000 0.000000
5838.873047 0.000000 1759.062744 0.000000 0.174347 0.000000 -0.984684 0.000000 0.000000 0.000000
5951.487305 0.000000 1668.274536 0.000000 0.966965 0.000000 -0.254908 0.000000 0.000000 0.000000
5938.584961 0.000000 1665.941162 0.000000 0.992229 0.000000 -0.124423 0.000000 0.000000 0.000000
5929.563477 0.000000 1721.022217 0.000000 0.874203 0.000000 -0.485560 0.000000 0.000000 0.000000
5892.458496 0.000000 1805.481567 0.000000 0.958807 0.000000 -0.284060 0.000000 0.000000 0.000000
5895.671387 0.000000 1775.872192 0.000000 0.782915 0.000000 -0.622129 1.000000 1.000000 1.000000
5894.215332 0.000000 1799.953247 0.000000 0.485853 0.000000 -0.874041 0.000000 0.000000 0.000000
4890.979980 0.000000 1849.332764 0.000000 0.599925 0.000000 -0.800057 0.000000 0.000000 0.000000
4896.032227 0.000000 1844.437866 0.000000 0.980924 0.000000 -0.194391 1.000000 1.000000 1.000000
4956.793945 0.000000 1810.341797 0.000000 0.591499 0.000000 -0.806305 0.000000 0.000000 0.000000
4814.007324 0.000000 2120.812012 0.000000 0.344340 0.000000 -0.938845 0.000000 0.000000 0.000000
4884.968750 0.000000 2255.015625 0.000000 0.897688 0.000000 -0.440631 0.000000 0.000000 0.000000
4901.432617 0.000000 2213.917725 0.000000 0.623398 0.000000 -0.781905 0.000000 0.000000 0.000000
4899.765137 0.000000 2228.737793 0.000000 0.768376 0.000000 -0.639999 0.000000 0.000000 0.000000
4244.968750 0.000000 2367.984375 0.000000 0.282291 0.000000 -0.959329 0.000000 0.000000 0.000000
4781.516602 0.000000 2387.077148 0.000000 0.454907 0.000000 -0.890539 0.000000 0.000000 0.000000
4794.544434 0.000000 2412.766846 0.000000 0.557681 0.000000 -0.830055 0.000000 0.000000 0.000000
4757.705078 0.000000 2399.211426 0.000000 0.582159 0.000000 -0.813075 0.000000 0.000000 0.000000
4737.318848 0.000000 2411.232178 0.000000 0.369804 0.000000 -0.929110 0.000000 0.000000 0.000000
4858.544434 0.000000 2412.766846 0.000000 0.835797 0.000000 -0.549039 0.000000 0.000000 0.000000
4840.832520 0.000000 2375.844971 0.000000 0.600760 0.000000 -0.799429 0.000000 0.000000 0.000000
4823.890625 0.000000 2391.401367 0.000000 0.534435 0.000000 -0.845210 0.000000 0.000000 0.000000
4781.516602 0.000000 2443.561523 0.000000 0.932819 0.000000 -0.360346 0.000000 0.000000 0.000000
4776.832520 0.000000 2432.329346 0.000000 0.024647 0.000000 -0.999696 0.000000 0.000000 0.000000
4756.569336 0.000000 2434.214600 0.000000 0.781766 0.000000 -0.623572 0.000000 0.000000 0.000000
4756.089355 0.000000 2473.645020 0.000000 0.000085 0.000000 -1.000000 1.000000 1.000000 1.000000
4766.530273 0.000000 2452.288086 0.000000 0.985966 0.000000 -0.166947 0.000000 0.000000 0.000000
4736.098633 0.000000 2435.777100 0.000000 0.163591 0.000000 -0.986528 1.000000 1.000000 1.000000
4799.586426 0.000000 2482.262695 0.000000 0.953824 0.000000 -0.300366 1.000000 1.000000 1.000000
4804.458496 0.000000 2483.294189 0.000000 0.731959 0.000000 -0.681349 0.000000 0.000000 0.000000
4815.130859 0.000000 2468.199951 0.000000 0.737598 0.000000 -0.675240 0.000000 0.000000 0.000000
4814.873047 0.000000 2436.875244 0.000000 0.919508 0.000000 -0.393070 1.000000 1.000000 1.000000
4806.215332 0.000000 2477.765869 0.000000 0.669443 0.000000 -0.742863 1.000000 1.000000 1.000000
4922.544434 0.000000 2356.282471 0.000000 0.850103 0.000000 -0.526617 0.000000 0.000000 0.000000
4948.968750 0.000000 2367.984375 0.000000 0.188433 0.000000 -0.982086 0.000000 0.000000 0.000000
4902.230957 0.000000 2410.872803 0.000000 0.978375 0.000000 -0.206840 0.000000 0.000000 0.000000
4922.807129 0.000000 2378.998291 0.000000 0.781466 0.000000 -0.623947 0.000000 0.000000 0.000000
4879.130859 0.000000 2411.715576 0.000000 0.362608 0.000000 -0.931942 0.000000 0.000000 0.000000
4895.758301 0.000000 2402.503418 0.000000 0.695316 0.000000 -0.718704 0.000000 0.000000 0.000000
4875.959473 0.000000 2420.834717 0.000000 0.651140 0.000000 -0.758958 0.000000 0.000000 0.000000
4884.968750 0.000000 2480.953125 0.000000 0.999951 0.000000 -0.009879 0.000000 0.000000 0.000000
4908.062988 0.000000 2437.817139 0.000000 0.798123 0.000000 -0.602494 0.000000 0.000000 0.000000
4919.107910 0.000000 2474.029541 0.000000 0.858352 0.000000 -0.513062 1.000000 1.000000 1.000000
4909.943359 0.000000 2431.183105 0.000000 0.542651 0.000000 -0.839958 1.000000 1.000000 1.000000
4948.968750 0.000000 2480.953125 0.000000 0.493883 0.000000 -0.869528 0.000000 0.000000 0.000000
4975.722656 0.000000 2473.147705 0.000000 0.141347 0.000000 -0.989960 0.000000 0.000000 0.000000
4960.032227 0.000000 2465.766113 0.000000 0.999831 0.000000 -0.018382 0.000000 0.000000 0.000000
5040.205566 0.000000 2485.286865 0.000000 0.343068 0.000000 -0.939311 0.000000 0.000000 0.000000
4767.453613 0.000000 2502.042725 0.000000 0.526454 0.000000 -0.850204 0.000000 0.000000 0.000000
4858.807129 0.000000 2491.967041 0.000000 0.665906 0.000000 -0.746035 0.000000 0.000000 0.000000
4802.396484 0.000000 2487.174561 0.000000 0.976820 0.000000 -0.214062 0.000000 0.000000 0.000000
4855.638184 0.000000 2501.055908 0.000000 0.727084 0.000000 -0.686549 0.000000 0.000000 0.000000
4815.272949 0.000000 2507.230957 0.000000 0.759412 0.000000 -0.650610 0.000000 0.000000 0.000000
4841.385742 0.000000 2518.230713 0.000000 0.178275 0.000000 -0.983981 0.000000 0.000000 0.000000
4850.789551 0.000000 2497.399902 0.000000 0.868485 0.000000 -0.495715 0.000000 0.000000 0.000000
4800.098633 0.000000 2492.261475 0.000000 0.054008 0.000000 -0.998541 1.000000 1.000000 1.000000
4861.658691 0.000000 2520.628174 0.000000 0.692402 0.000000 -0.721512 0.000000 0.000000 0.000000
4865.318848 0.000000 2524.200928 0.000000 0.168620 0.000000 -0.985681 0.000000 0.000000 0.000000
4879.130859 0.000000 2524.684326 0.000000 0.761547 0.000000 -0.648110 0.000000 0.000000 0.000000
4986.807129 0.000000 2491.967041 0.000000 0.642629 0.000000 -0.766177 1.000000 1.000000 1.000000
4977.519043 0.000000 2491.642090 0.000000 0.791333 0.000000 -0.611385 0.000000 0.000000 0.000000
4948.569336 0.000000 2490.698975 0.000000 0.993253 0.000000 -0.115967 0.000000 0.000000 0.000000
4965.432617 0.000000 2496.339600 0.000000 0.721173 0.000000 -0.692755 0.000000 0.000000 0.000000
4989.292480 0.000000 2497.871582 0.000000 0.924322 0.000000 -0.381614 0.000000 0.000000 0.000000
4993.451172 0.000000 2497.488037 0.000000 0.983038 0.000000 -0.183401 0.000000 0.000000 0.000000
5048.065918 0.000000 2510.675049 0.000000 0.999036 0.000000 -0.043905 0.000000 0.000000 0.000000
5050.807129 0.000000 2491.967041 0.000000 0.709472 0.000000 -0.704734 0.000000 0.000000 0.000000
5040.541992 0.000000 2507.897705 0.000000 0.561208 0.000000 -0.827675 0.000000 0.000000 0.000000
5015.491699 0.000000 2485.944092 0.000000 0.945073 0.000000 -0.326861 1.000000 1.000000 1.000000
5093.982422 0.000000 2535.574219 0.000000 0.607623 0.000000 -0.794226 0.000000 0.000000 0.000000
5013.705078 0.000000 2568.664551 0.000000 0.460538 0.000000 -0.887640 0.000000 0.000000 0.000000
5030.230957 0.000000 2580.325928 0.000000 0.384899 0.000000 -0.922959 0.000000 0.000000 0.000000
5039.722656 0.000000 2586.116455 0.000000 0.002705 0.000000 -0.999996 0.000000 0.000000 0.000000
4992.254883 0.000000 2588.937744 0.000000 0.563219 0.000000 -0.826308 0.000000 0.000000 0.000000
5033.260742 0.000000 2586.019043 0.000000 0.081137 0.000000 -0.996703 0.000000 0.000000 0.000000
5027.765137 0.000000 2567.644043 0.000000 0.833310 0.000000 -0.552806 0.000000 0.000000 0.000000
5101.516602 0.000000 2556.530273 0.000000 0.244533 0.000000 -0.969641 0.000000 0.000000 0.000000
5057.451172 0.000000 2553.972412 0.000000 0.985589 0.000000 -0.169156 0.000000 0.000000 0.000000
5068.978516 0.000000 2542.532959 0.000000 0.961509 0.000000 -0.274773 0.000000 0.000000 0.000000
5071.130859 0.000000 2581.168701 0.000000 0.190547 0.000000 -0.981678 0.000000 0.000000 0.000000
5094.893555 0.000000 2561.244141 0.000000 0.167725 0.000000 -0.985834 0.000000 0.000000 0.000000
5063.979980 0.000000 2583.932129 0.000000 0.949140 0.000000 -0.314854 0.000000 0.000000 0.000000
5056.098633 0.000000 2548.745850 0.000000 0.998854 0.000000 -0.047856 1.000000 1.000000 1.000000
4989.248047 0.000000 2644.283203 0.000000 0.950235 0.000000 -0.311535 0.000000 0.000000 0.000000
5037.516602 0.000000 2613.014648 0.000000 0.580492 0.000000 -0.814266 0.000000 0.000000 0.000000
4993.451172 0.000000 2610.456787 0.000000 0.497635 0.000000 -0.867386 0.000000 0.000000 0.000000
5071.272949 0.000000 2676.684082 0.000000 0.694905 0.000000 -0.719101 0.000000 0.000000 0.000000
5108.365234 0.000000 2694.031982 0.000000 0.468413 0.000000 -0.883510 1.000000 1.000000 1.000000
5106.584961 0.000000 2682.659912 0.000000 0.735782 0.000000 -0.677219 1.000000 1.000000 1.000000
5818.807129 0.000000 1814.154541 0.000000 0.782720 0.000000 -0.622374 0.000000 0.000000 0.000000
5804.760254 0.000000 1846.005127 0.000000 0.138254 0.000000 -0.990397 0.000000 0.000000 0.000000
5836.978516 0.000000 1808.235962 0.000000 0.283002 0.000000 -0.959119 0.000000 0.000000 0.000000
5882.807129 0.000000 1814.154541 0.000000 0.621504 0.000000 -0.783411 0.000000 0.000000 0.000000
5826.396484 0.000000 1809.362183 0.000000 0.984244 0.000000 -0.176818 0.000000 0.000000 0.000000
5879.638184 0.000000 1823.243408 0.000000 0.562657 0.000000 -0.826690 0.000000 0.000000 0.000000
5887.958008 0.000000 1828.399048 0.000000 0.997497 0.000000 -0.070709 1.000000 1.000000 1.000000
5887.487305 0.000000 1837.727661 0.000000 0.891271 0.000000 -0.453470 0.000000 0.000000 0.000000
5885.292480 0.000000 1820.058960 0.000000 0.846980 0.000000 -0.531625 0.000000 0.000000 0.000000
5780.968750 0.000000 1916.109497 0.000000 0.747846 0.000000 -0.663873 0.000000 0.000000 0.000000
5805.516602 0.000000 1878.717651 0.000000 0.632900 0.000000 -0.774233 0.000000 0.000000 0.000000
5818.544434 0.000000 1904.407471 0.000000 0.783998 0.000000 -0.620764 0.000000 0.000000 0.000000
5781.705078 0.000000 1890.852051 0.000000 0.023117 0.000000 -0.999733 1.000000 1.000000 1.000000
5788.793945 0.000000 1866.826172 0.000000 0.889893 0.000000 -0.456169 0.000000 0.000000 0.000000
5764.458496 0.000000 1918.450317 0.000000 0.620740 0.000000 -0.784016 0.000000 0.000000 0.000000
5801.563477 0.000000 1890.475342 0.000000 0.208237 0.000000 -0.978078 0.000000 0.000000 0.000000
5771.959473 0.000000 1912.475220 0.000000 0.999010 0.000000 -0.044479 0.000000 0.000000 0.000000
5797.432617 0.000000 1875.011475 0.000000 0.786864 0.000000 -0.617127 0.000000 0.000000 0.000000
5790.236816 0.000000 1916.514282 0.000000 0.645995 0.000000 -0.763342 0.000000 0.000000 0.000000
5782.478027 0.000000 1898.877686 0.000000 0.987135 0.000000 -0.159887 0.000000 0.000000 0.000000
5786.122559 0.000000 1874.792725 0.000000 0.472956 0.000000 -0.881086 1.000000 1.000000 1.000000
5801.260742 0.000000 1908.206543 0.000000 0.964143 0.000000 -0.265382 0.000000 0.000000 0.000000
5804.062988 0.000000 1872.973511 0.000000 0.811794 0.000000 -0.583943 0.000000 0.000000 0.000000
5844.968750 0.000000 1916.109497 0.000000 0.938661 0.000000 -0.344840 0.000000 0.000000 0.000000
5825.318848 0.000000 1902.872803 0.000000 0.993171 0.000000 -0.116672 0.000000 0.000000 0.000000
5833.203613 0.000000 1899.685181 0.000000 0.997826 0.000000 -0.065904 0.000000 0.000000 0.000000
5780.968750 0.000000 1972.593872 0.000000 0.816589 0.000000 -0.577220 0.000000 0.000000 0.000000
5767.671387 0.000000 1945.325317 0.000000 0.570752 0.000000 -0.821123 0.000000 0.000000 0.000000
5778.127930 0.000000 1933.744751 0.000000 0.860038 0.000000 -0.510231 0.000000 0.000000 0.000000
5786.979980 0.000000 1962.301514 0.000000 0.509485 0.000000 -0.860479 0.000000 0.000000 0.000000
5791.758301 0.000000 1950.628418 0.000000 0.703813 0.000000 -0.710385 0.000000 0.000000 0.000000
5769.400879 0.000000 1936.587891 0.000000 0.421642 0.000000 -0.906762 0.000000 0.000000 0.000000
5768.407715 0.000000 1928.281128 0.000000 0.093667 0.000000 -0.995604 0.000000 0.000000 0.000000
5782.478027 0.000000 1955.362061 0.000000 0.897715 0.000000 -0.440577 0.000000 0.000000 0.000000
5780.089355 0.000000 1965.285645 0.000000 0.137268 0.000000 -0.990534 0.000000 0.000000 0.000000
5769.203613 0.000000 1956.169556 0.000000 0.679849 0.000000 -0.733352 0.000000 0.000000 0.000000
5766.215332 0.000000 1969.406372 0.000000 0.811147 0.000000 -0.584843 0.000000 0.000000 0.000000
5786.074219 0.000000 1950.985229 0.000000 0.622258 0.000000 -0.782812 0.000000 0.000000 0.000000
5844.968750 0.000000 1972.593872 0.000000 0.940564 0.000000 -0.339617 0.000000 0.000000 0.000000
5825.451172 0.000000 1932.644409 0.000000 0.997316 0.000000 -0.073217 0.000000 0.000000 0.000000
5839.272949 0.000000 1942.387329 0.000000 0.490141 0.000000 -0.871643 0.000000 0.000000 0.000000
5844.089355 0.000000 1965.285645 0.000000 0.824700 0.000000 -0.565571 0.000000 0.000000 0.000000
5865.260742 0.000000 1964.690918 0.000000 0.031420 0.000000 -0.999506 0.000000 0.000000 0.000000
5855.826172 0.000000 1928.591187 0.000000 0.935037 0.000000 -0.354551 0.000000 0.000000 0.000000
5818.544434 0.000000 2017.376221 0.000000 0.857750 0.000000 -0.514067 0.000000 0.000000 0.000000
5781.705078 0.000000 2003.820801 0.000000 0.191166 0.000000 -0.981558 0.000000 0.000000 0.000000
5772.978516 0.000000 1977.689087 0.000000 0.584082 0.000000 -0.811695 0.000000 0.000000 0.000000
5780.569336 0.000000 1982.339600 0.000000 0.999861 0.000000 -0.016683 0.000000 0.000000 0.000000
5816.550781 0.000000 2009.812256 0.000000 0.616685 0.000000 -0.787210 0.000000 0.000000 0.000000
5833.400879 0.000000 1993.072266 0.000000 0.762579 0.000000 -0.646895 0.000000 0.000000 0.000000
5839.272949 0.000000 1998.871704 0.000000 0.959823 0.000000 -0.280607 0.000000 0.000000 0.000000
5895.671387 0.000000 1832.356567 0.000000 0.771124 0.000000 -0.636685 0.000000 0.000000 0.000000
5903.272949 0.000000 1829.418579 0.000000 0.493667 0.000000 -0.869651 0.000000 0.000000 0.000000
5892.032715 0.000000 1839.111572 0.000000 0.850461 0.000000 -0.526038 0.000000 0.000000 0.000000
5903.272949 0.000000 1885.902954 0.000000 0.999921 0.000000 -0.012536 0.000000 0.000000 0.000000
5908.968750 0.000000 1972.593872 0.000000 0.305226 0.000000 -0.952280 0.000000 0.000000 0.000000
5946.368164 0.000000 1972.394653 0.000000 0.287420 0.000000 -0.957805 0.000000 0.000000 0.000000
5935.722656 0.000000 1964.788452 0.000000 0.818064 0.000000 -0.575127 0.000000 0.000000 0.000000
5949.248047 0.000000 1966.470825 0.000000 0.810832 0.000000 -0.585280 0.000000 0.000000 0.000000
5972.968750 0.000000 1972.593872 0.000000 0.550140 0.000000 -0.835072 0.000000 0.000000 0.000000
5997.516602 0.000000 1935.202026 0.000000 0.862760 0.000000 -0.505613 0.000000 0.000000 0.000000
5953.318848 0.000000 1959.357178 0.000000 0.540436 0.000000 -0.841385 0.000000 0.000000 0.000000
6000.205566 0.000000 1976.927490 0.000000 0.968655 0.000000 -0.248411 0.000000 0.000000 0.000000
5956.458496 0.000000 1974.934692 0.000000 0.704614 0.000000 -0.709591 0.000000 0.000000 0.000000
5964.978516 0.000000 1921.204712 0.000000 0.372850 0.000000 -0.927892 0.000000 0.000000 0.000000
5999.722656 0.000000 1964.788452 0.000000 0.950961 0.000000 -0.309310 0.000000 0.000000 0.000000
5972.569336 0.000000 1925.855225 0.000000 0.902270 0.000000 -0.431172 1.000000 1.000000 1.000000
5960.407715 0.000000 1928.281128 0.000000 0.189181 0.000000 -0.981942 0.000000 0.000000 0.000000
5975.890625 0.000000 1939.526489 0.000000 0.890521 0.000000 -0.454942 1.000000 1.000000 1.000000
5990.893555 0.000000 1939.916138 0.000000 0.836436 0.000000 -0.548064 0.000000 0.000000 0.000000
5982.530273 0.000000 1943.928833 0.000000 0.147396 0.000000 -0.989078 0.000000 0.000000 0.000000
5946.368164 0.000000 2028.879028 0.000000 0.936210 0.000000 -0.351441 0.000000 0.000000 0.000000
5954.396484 0.000000 1978.815308 0.000000 0.004131 0.000000 -0.999991 0.000000 0.000000 0.000000
6037.705078 0.000000 2003.820801 0.000000 0.373590 0.000000 -0.927594 0.000000 0.000000 0.000000
5737.385742 0.000000 2066.355713 0.000000 0.935817 0.000000 -0.352486 0.000000 0.000000 0.000000
5636.458496 0.000000 2144.387939 0.000000 0.492559 0.000000 -0.870279 0.000000 0.000000 0.000000
5662.236816 0.000000 2142.451660 0.000000 0.983497 0.000000 -0.180924 0.000000 0.000000 0.000000
5772.978516 0.000000 2034.173462 0.000000 0.800927 0.000000 -0.598761 0.000000 0.000000 0.000000
5801.385742 0.000000 2066.355713 0.000000 0.995099 0.000000 -0.098879 0.000000 0.000000 0.000000
5862.230957 0.000000 2071.966553 0.000000 0.010682 0.000000 -0.999943 0.000000 0.000000 0.000000
5880.065918 0.000000 2058.800049 0.000000 0.731038 0.000000 -0.682337 0.000000 0.000000 0.000000
5887.487305 0.000000 2063.665283 0.000000 0.582553 0.000000 -0.812793 0.000000 0.000000 0.000000
5872.541992 0.000000 2056.022705 0.000000 0.683160 0.000000 -0.730269 0.000000 0.000000 0.000000
5660.793945 0.000000 2149.248047 0.000000 0.429581 0.000000 -0.903028 0.000000 0.000000 0.000000
5845.705078 0.000000 2173.273926 0.000000 0.194160 0.000000 -0.980970 0.000000 0.000000 0.000000
5788.793945 0.000000 2205.732422 0.000000 0.840518 0.000000 -0.541784 0.000000 0.000000 0.000000
5892.032715 0.000000 2065.049072 0.000000 0.455163 0.000000 -0.890408 1.000000 1.000000 1.000000
6008.065918 0.000000 2058.800049 0.000000 0.983351 0.000000 -0.181716 0.000000 0.000000 0.000000
5986.900879 0.000000 2033.502197 0.000000 0.772858 0.000000 -0.634579 0.000000 0.000000 0.000000
6050.900879 0.000000 2033.502197 0.000000 0.804292 0.000000 -0.594235 0.000000 0.000000 0.000000
6077.292480 0.000000 2045.996460 0.000000 0.861937 0.000000 -0.507015 0.000000 0.000000 0.000000
6081.451172 0.000000 2045.613159 0.000000 0.890101 0.000000 -0.455763 0.000000 0.000000 0.000000
6074.544434 0.000000 2130.344971 0.000000 0.857035 0.000000 -0.515258 0.000000 0.000000 0.000000
6118.893555 0.000000 2109.369141 0.000000 0.414012 0.000000 -0.910272 0.000000 0.000000 0.000000
5342.236816 0.000000 2368.389160 0.000000 0.916379 0.000000 -0.400312 1.000000 1.000000 1.000000
5204.968750 0.000000 2424.468750 0.000000 0.018040 0.000000 -0.999837 0.000000 0.000000 0.000000
5229.516602 0.000000 2387.077148 0.000000 0.687310 0.000000 -0.726364 0.000000 0.000000 0.000000
5249.451172 0.000000 2384.519287 0.000000 0.290375 0.000000 -0.956913 0.000000 0.000000 0.000000
5250.396484 0.000000 2374.205811 0.000000 0.200418 0.000000 -0.979710 0.000000 0.000000 0.000000
5324.978516 0.000000 2373.079834 0.000000 0.574025 0.000000 -0.818838 0.000000 0.000000 0.000000
5370.807129 0.000000 2378.998291 0.000000 0.820487 0.000000 -0.571665 0.000000 0.000000 0.000000
5338.979980 0.000000 2414.176514 0.000000 0.704652 0.000000 -0.709553 0.000000 0.000000 0.000000
5323.959473 0.000000 2420.834717 0.000000 0.850054 0.000000 -0.526695 0.000000 0.000000 0.000000
5312.098633 0.000000 2379.292725 0.000000 0.399926 0.000000 -0.916547 1.000000 1.000000 1.000000
5388.978516 0.000000 2429.564209 0.000000 0.902918 0.000000 -0.429813 0.000000 0.000000 0.000000
5626.544434 0.000000 2469.251221 0.000000 0.404860 0.000000 -0.914379 0.000000 0.000000 0.000000
5612.662598 0.000000 2479.408203 0.000000 0.684076 0.000000 -0.729410 0.000000 0.000000 0.000000
5135.130859 0.000000 2524.684326 0.000000 0.097911 0.000000 -0.995195 0.000000 0.000000 0.000000
5164.760254 0.000000 2523.817627 0.000000 0.190214 0.000000 -0.981743 0.000000 0.000000 0.000000
5126.215332 0.000000 2534.250244 0.000000 0.996339 0.000000 -0.085484 0.000000 0.000000 0.000000
5185.318848 0.000000 2524.200928 0.000000 0.925000 0.000000 -0.379967 0.000000 0.000000 0.000000
5191.671387 0.000000 2510.168945 0.000000 0.898012 0.000000 -0.439970 0.000000 0.000000 0.000000
5188.032715 0.000000 2516.924072 0.000000 0.686468 0.000000 -0.727160 0.000000 0.000000 0.000000
5165.516602 0.000000 2556.530273 0.000000 0.657842 0.000000 -0.753156 0.000000 0.000000 0.000000
5151.453613 0.000000 2558.527100 0.000000 0.985539 0.000000 -0.169447 0.000000 0.000000 0.000000
5350.230957 0.000000 2580.325928 0.000000 0.198562 0.000000 -0.980088 0.000000 0.000000 0.000000
5353.260742 0.000000 2586.019043 0.000000 0.745495 0.000000 -0.666511 0.000000 0.000000 0.000000
5161.385742 0.000000 2631.199463 0.000000 0.778177 0.000000 -0.628045 1.000000 1.000000 1.000000
5126.215332 0.000000 2647.218994 0.000000 0.731384 0.000000 -0.681966 0.000000 0.000000 0.000000
5155.765137 0.000000 2624.128418 0.000000 0.280909 0.000000 -0.959734 0.000000 0.000000 0.000000
5165.516602 0.000000 2669.499023 0.000000 0.405227 0.000000 -0.914216 0.000000 0.000000 0.000000
5183.487305 0.000000 2684.993408 0.000000 0.999612 0.000000 -0.027867 0.000000 0.000000 0.000000
5142.478027 0.000000 2689.658936 0.000000 0.980647 0.000000 -0.195786 0.000000 0.000000 0.000000
5151.826172 0.000000 2662.887939 0.000000 0.996755 0.000000 -0.080499 1.000000 1.000000 1.000000
5164.062988 0.000000 2663.754639 0.000000 0.916951 0.000000 -0.398999 0.000000 0.000000 0.000000
5185.318848 0.000000 2693.654053 0.000000 0.947535 0.000000 -0.319651 0.000000 0.000000 0.000000
5191.671387 0.000000 2679.622070 0.000000 0.219966 0.000000 -0.975508 0.000000 0.000000 0.000000
5185.017578 0.000000 2681.458740 0.000000 0.968951 0.000000 -0.247254 1.000000 1.000000 1.000000
5312.098633 0.000000 2605.230225 0.000000 0.922805 0.000000 -0.385266 1.000000 1.000000 1.000000
5626.544434 0.000000 2582.219971 0.000000 0.101618 0.000000 -0.994824 0.000000 0.000000 0.000000
5396.968750 0.000000 2650.406250 0.000000 0.754325 0.000000 -0.656501 0.000000 0.000000 0.000000
5384.407715 0.000000 2606.093506 0.000000 0.976299 0.000000 -0.216427 0.000000 0.000000 0.000000
5441.451172 0.000000 2666.941162 0.000000 0.984391 0.000000 -0.175996 0.000000 0.000000 0.000000
5519.272949 0.000000 2620.199707 0.000000 0.843736 0.000000 -0.536758 0.000000 0.000000 0.000000
5524.968750 0.000000 2706.890625 0.000000 0.727685 0.000000 -0.685911 0.000000 0.000000 0.000000
5545.563477 0.000000 2681.256592 0.000000 0.416637 0.000000 -0.909073 0.000000 0.000000 0.000000
5670.230957 0.000000 2467.357178 0.000000 0.888009 0.000000 -0.459826 0.000000 0.000000 0.000000
5743.722656 0.000000 2473.147705 0.000000 0.165106 0.000000 -0.986276 0.000000 0.000000 0.000000
5703.979980 0.000000 2470.963379 0.000000 0.464312 0.000000 -0.885672 1.000000 1.000000 1.000000
5751.107910 0.000000 2474.029541 0.000000 0.998206 0.000000 -0.059873 0.000000 0.000000 0.000000
5771.959473 0.000000 2477.319092 0.000000 0.864383 0.000000 -0.502834 0.000000 0.000000 0.000000
5652.968750 0.000000 2537.437500 0.000000 0.979585 0.000000 -0.201032 0.000000 0.000000 0.000000
5690.544434 0.000000 2525.735596 0.000000 0.091486 0.000000 -0.995806 0.000000 0.000000 0.000000
5660.793945 0.000000 2488.154297 0.000000 0.409696 0.000000 -0.912222 0.000000 0.000000 0.000000
5690.368164 0.000000 2537.238525 0.000000 0.255842 0.000000 -0.966719 0.000000 0.000000 0.000000
5695.958008 0.000000 2506.211426 0.000000 0.826977 0.000000 -0.562235 0.000000 0.000000 0.000000
5632.254883 0.000000 2532.453369 0.000000 0.804297 0.000000 -0.594227 0.000000 0.000000 0.000000
5652.089355 0.000000 2530.129395 0.000000 0.917505 0.000000 -0.397724 0.000000 0.000000 0.000000
5716.968750 0.000000 2537.437500 0.000000 0.311126 0.000000 -0.950369 0.000000 0.000000 0.000000
5717.705078 0.000000 2512.180176 0.000000 0.937012 0.000000 -0.349297 0.000000 0.000000 0.000000
5754.807129 0.000000 2491.967041 0.000000 0.932897 0.000000 -0.360144 0.000000 0.000000 0.000000
5727.758301 0.000000 2515.472168 0.000000 0.087819 0.000000 -0.996136 1.000000 1.000000 1.000000
5716.089355 0.000000 2530.129395 0.000000 0.439393 0.000000 -0.898295 0.000000 0.000000 0.000000
5757.292480 0.000000 2497.871582 0.000000 0.975703 0.000000 -0.219098 1.000000 1.000000 1.000000
5751.107910 0.000000 2530.513916 0.000000 0.412147 0.000000 -0.911117 0.000000 0.000000 0.000000
5722.074219 0.000000 2515.828857 0.000000 0.120534 0.000000 -0.992709 1.000000 1.000000 1.000000
5646.007324 0.000000 2572.687012 0.000000 0.737106 0.000000 -0.675777 0.000000 0.000000 0.000000
5652.569336 0.000000 2547.183350 0.000000 0.123035 0.000000 -0.992402 0.000000 0.000000 0.000000
5734.230957 0.000000 2580.325928 0.000000 0.786098 0.000000 -0.618102 0.000000 0.000000 0.000000
5754.807129 0.000000 2548.451416 0.000000 0.192654 0.000000 -0.981267 0.000000 0.000000 0.000000
5714.127930 0.000000 2555.072998 0.000000 0.060800 0.000000 -0.998150 0.000000 0.000000 0.000000
5788.793945 0.000000 2488.154297 0.000000 0.924189 0.000000 -0.381936 0.000000 0.000000 0.000000
5797.982422 0.000000 2535.574219 0.000000 0.996278 0.000000 -0.086193 1.000000 1.000000 1.000000
5780.569336 0.000000 2490.698975 0.000000 0.809367 0.000000 -0.587303 1.000000 1.000000 1.000000
5793.210449 0.000000 2530.185791 0.000000 0.798084 0.000000 -0.602546 0.000000 0.000000 0.000000
5801.260742 0.000000 2529.534668 0.000000 0.653131 0.000000 -0.757245 1.000000 1.000000 1.000000
5781.705078 0.000000 2568.664551 0.000000 0.613333 0.000000 -0.789825 0.000000 0.000000 0.000000
5810.584961 0.000000 2569.691162 0.000000 0.708025 0.000000 -0.706187 0.000000 0.000000 0.000000
5861.432617 0.000000 2552.823975 0.000000 0.994839 0.000000 -0.101469 0.000000 0.000000 0.000000
5640.407715 0.000000 2606.093506 0.000000 0.485683 0.000000 -0.874135 0.000000 0.000000 0.000000
5652.968750 0.000000 2706.890625 0.000000 0.988895 0.000000 -0.148613 0.000000 0.000000 0.000000
5717.705078 0.000000 2681.633301 0.000000 0.800362 0.000000 -0.599517 0.000000 0.000000 0.000000
5716.569336 0.000000 2660.152100 0.000000 0.995492 0.000000 -0.094841 0.000000 0.000000 0.000000
5718.478027 0.000000 2689.658936 0.000000 0.999997 0.000000 -0.002312 0.000000 0.000000 0.000000
5752.550781 0.000000 2687.624756 0.000000 0.174490 0.000000 -0.984659 0.000000 0.000000 0.000000
5768.407715 0.000000 2606.093506 0.000000 0.834378 0.000000 -0.551193 0.000000 0.000000 0.000000
5825.451172 0.000000 2610.456787 0.000000 0.359053 0.000000 -0.933317 0.000000 0.000000 0.000000
5850.979980 0.000000 2640.114014 0.000000 0.627576 0.000000 -0.778556 0.000000 0.000000 0.000000
5793.210449 0.000000 2699.638916 0.000000 0.980238 0.000000 -0.197820 0.000000 0.000000 0.000000
5880.065918 0.000000 2680.128174 0.000000 0.054081 0.000000 -0.998537 0.000000 0.000000 0.000000
5936.205566 0.000000 2541.771240 0.000000 0.998892 0.000000 -0.047051 0.000000 0.000000 0.000000
5916.793945 0.000000 2544.638672 0.000000 0.619364 0.000000 -0.785104 0.000000 0.000000 0.000000
5929.563477 0.000000 2568.287842 0.000000 0.813213 0.000000 -0.581967 0.000000 0.000000 0.000000
5890.396484 0.000000 2543.658936 0.000000 0.827891 0.000000 -0.560890 1.000000 1.000000 1.000000
5918.236816 0.000000 2594.326660 0.000000 0.845742 0.000000 -0.533593 0.000000 0.000000 0.000000
5919.826172 0.000000 2549.919189 0.000000 0.651627 0.000000 -0.758540 0.000000 0.000000 0.000000
6008.065918 0.000000 2567.159424 0.000000 0.183499 0.000000 -0.983020 0.000000 0.000000 0.000000
5970.127930 0.000000 2555.072998 0.000000 0.095719 0.000000 -0.995408 0.000000 0.000000 0.000000
5982.530273 0.000000 2565.256836 0.000000 0.360466 0.000000 -0.932772 0.000000 0.000000 0.000000
5996.662598 0.000000 2592.376953 0.000000 0.274137 0.000000 -0.961691 0.000000 0.000000 0.000000
6002.789551 0.000000 2553.884277 0.000000 0.849689 0.000000 -0.527285 0.000000 0.000000 0.000000
5966.953125 0.000000 2595.768555 0.000000 0.126399 0.000000 -0.991979 0.000000 0.000000 0.000000
5943.638184 0.000000 2614.024658 0.000000 0.673597 0.000000 -0.739099 0.000000 0.000000 0.000000
5903.272949 0.000000 2620.199707 0.000000 0.110964 0.000000 -0.993824 0.000000 0.000000 0.000000
5892.032715 0.000000 2629.892822 0.000000 0.340439 0.000000 -0.940267 0.000000 0.000000 0.000000
5944.550781 0.000000 2631.140381 0.000000 0.769026 0.000000 -0.639218 0.000000 0.000000 0.000000
5990.230957 0.000000 2636.810303 0.000000 0.953583 0.000000 -0.301131 0.000000 0.000000 0.000000
5978.979980 0.000000 2640.114014 0.000000 0.826662 0.000000 -0.562699 1.000000 1.000000 1.000000
5956.032715 0.000000 2629.892822 0.000000 0.986496 0.000000 -0.163786 0.000000 0.000000 0.000000
5984.032227 0.000000 2635.219238 0.000000 0.238472 0.000000 -0.971149 1.000000 1.000000 1.000000
5978.074219 0.000000 2628.797607 0.000000 0.887730 0.000000 -0.460365 1.000000 1.000000 1.000000
5975.491699 0.000000 2598.912842 0.000000 0.704496 0.000000 -0.709708 1.000000 1.000000 1.000000
5944.065918 0.000000 2680.128174 0.000000 0.796906 0.000000 -0.604103 0.000000 0.000000 0.000000
5949.658691 0.000000 2690.081299 0.000000 0.999524 0.000000 -0.030861 1.000000 1.000000 1.000000
6010.807129 0.000000 2661.420166 0.000000 0.138871 0.000000 -0.990310 0.000000 0.000000 0.000000
6015.487305 0.000000 2684.993408 0.000000 0.894688 0.000000 -0.446691 0.000000 0.000000 0.000000
5989.432617 0.000000 2665.792725 0.000000 0.758204 0.000000 -0.652017 0.000000 0.000000 0.000000
6000.541992 0.000000 2677.350830 0.000000 0.896300 0.000000 -0.443448 0.000000 0.000000 0.000000
6037.705078 0.000000 2681.633301 0.000000 0.826725 0.000000 -0.562607 0.000000 0.000000 0.000000
6030.953125 0.000000 2708.737305 0.000000 0.877442 0.000000 -0.479682 1.000000 1.000000 1.000000
6095.130859 0.000000 2694.137451 0.000000 0.420258 0.000000 -0.907405 0.000000 0.000000 0.000000
6094.007324 0.000000 2685.655762 0.000000 0.462573 0.000000 -0.886581 0.000000 0.000000 0.000000
6124.662598 0.000000 2705.345703 0.000000 0.809238 0.000000 -0.587481 0.000000 0.000000 0.000000
5100.062988 0.000000 2720.239014 0.000000 0.982814 0.000000 -0.184600 0.000000 0.000000 0.000000
5140.569336 0.000000 2716.636475 0.000000 0.832107 0.000000 -0.554615 0.000000 0.000000 0.000000
5229.516602 0.000000 2725.983398 0.000000 0.177083 0.000000 -0.984196 0.000000 0.000000 0.000000
5268.968750 0.000000 2763.375000 0.000000 0.084465 0.000000 -0.996426 0.000000 0.000000 0.000000
5293.516602 0.000000 2725.983398 0.000000 0.230158 0.000000 -0.973153 0.000000 0.000000 0.000000
5269.705078 0.000000 2738.117676 0.000000 0.485304 0.000000 -0.874346 0.000000 0.000000 0.000000
5350.230957 0.000000 2749.779053 0.000000 0.985143 0.000000 -0.171736 0.000000 0.000000 0.000000
5414.230957 0.000000 2749.779053 0.000000 0.448454 0.000000 -0.893806 0.000000 0.000000 0.000000
5439.586426 0.000000 2764.684570 0.000000 0.444439 0.000000 -0.895809 1.000000 1.000000 1.000000
5498.544434 0.000000 2751.673096 0.000000 0.554290 0.000000 -0.832324 0.000000 0.000000 0.000000
5471.758301 0.000000 2741.409668 0.000000 0.695149 0.000000 -0.718866 0.000000 0.000000 0.000000
5420.760254 0.000000 2806.239502 0.000000 0.486685 0.000000 -0.873578 0.000000 0.000000 0.000000
5498.544434 0.000000 2808.157471 0.000000 0.209481 0.000000 -0.977813 0.000000 0.000000 0.000000
5440.098633 0.000000 2774.683350 0.000000 0.936226 0.000000 -0.351399 0.000000 0.000000 0.000000
5541.982422 0.000000 2761.511719 0.000000 0.109910 0.000000 -0.993942 0.000000 0.000000 0.000000
5569.318848 0.000000 2750.138428 0.000000 0.786437 0.000000 -0.617671 0.000000 0.000000 0.000000
5532.793945 0.000000 2770.576172 0.000000 0.415197 0.000000 -0.909732 0.000000 0.000000 0.000000
5542.893555 0.000000 2787.181641 0.000000 0.452345 0.000000 -0.891843 0.000000 0.000000 0.000000
5506.500488 0.000000 2787.478516 0.000000 0.926747 0.000000 -0.375687 0.000000 0.000000 0.000000
5537.210449 0.000000 2812.607666 0.000000 0.662643 0.000000 -0.748936 0.000000 0.000000 0.000000
5569.318848 0.000000 2806.622803 0.000000 0.693388 0.000000 -0.720564 0.000000 0.000000 0.000000
5626.807129 0.000000 2774.388916 0.000000 0.927177 0.000000 -0.374622 0.000000 0.000000 0.000000
5703.671387 0.000000 2792.590820 0.000000 0.923885 0.000000 -0.382669 0.000000 0.000000 0.000000
5856.032227 0.000000 2748.187988 0.000000 0.986591 0.000000 -0.163214 0.000000 0.000000 0.000000
5825.318848 0.000000 2806.622803 0.000000 0.946750 0.000000 -0.321969 0.000000 0.000000 0.000000
5831.671387 0.000000 2792.590820 0.000000 0.093526 0.000000 -0.995617 0.000000 0.000000 0.000000
5919.453613 0.000000 2727.980225 0.000000 0.550941 0.000000 -0.834544 0.000000 0.000000 0.000000
5999.722656 0.000000 2755.569580 0.000000 0.738858 0.000000 -0.673862 0.000000 0.000000 0.000000
5940.365234 0.000000 2807.000732 0.000000 0.302693 0.000000 -0.953088 1.000000 1.000000 1.000000
6008.550781 0.000000 2800.593506 0.000000 0.188477 0.000000 -0.982078 0.000000 0.000000 0.000000
5984.032227 0.000000 2804.672363 0.000000 0.735042 0.000000 -0.678022 0.000000 0.000000 0.000000
6004.365234 0.000000 2807.000732 0.000000 0.928024 0.000000 -0.372521 0.000000 0.000000 0.000000
5953.017578 0.000000 2794.427490 0.000000 0.999721 0.000000 -0.023630 0.000000 0.000000 0.000000
6061.516602 0.000000 2725.983398 0.000000 0.999693 0.000000 -0.024764 0.000000 0.000000 0.000000
6054.230957 0.000000 2749.779053 0.000000 0.904911 0.000000 -0.425600 0.000000 0.000000 0.000000
6031.130859 0.000000 2750.621826 0.000000 0.110226 0.000000 -0.993907 0.000000 0.000000 0.000000
6079.487305 0.000000 2741.477783 0.000000 0.414646 0.000000 -0.909983 0.000000 0.000000 0.000000
6072.550781 0.000000 2744.109131 0.000000 0.289502 0.000000 -0.957178 0.000000 0.000000 0.000000
6060.062988 0.000000 2720.239014 0.000000 0.990711 0.000000 -0.135981 0.000000 0.000000 0.000000
6125.516602 0.000000 2725.983398 0.000000 0.950482 0.000000 -0.310778 0.000000 0.000000 0.000000
6129.519043 0.000000 2717.579590 0.000000 0.863919 0.000000 -0.503630 0.000000 0.000000 0.000000
6128.541992 0.000000 2733.835205 0.000000 0.164359 0.000000 -0.986401 0.000000 0.000000 0.000000
6141.512207 0.000000 2711.276123 0.000000 0.600156 0.000000 -0.799883 0.000000 0.000000 0.000000
6124.760254 0.000000 2749.755127 0.000000 0.835442 0.000000 -0.549578 0.000000 0.000000 0.000000
6037.705078 0.000000 2794.602051 0.000000 0.363915 0.000000 -0.931432 0.000000 0.000000 0.000000
6034.127930 0.000000 2781.010498 0.000000 0.813873 0.000000 -0.581042 0.000000 0.000000 0.000000
6025.400879 0.000000 2783.853516 0.000000 0.728369 0.000000 -0.685185 0.000000 0.000000 0.000000
6121.563477 0.000000 2794.225342 0.000000 0.846943 0.000000 -0.531683 0.000000 0.000000 0.000000
6143.958008 0.000000 2788.633301 0.000000 0.838265 0.000000 -0.545264 0.000000 0.000000 0.000000
6143.487305 0.000000 2797.962158 0.000000 0.316925 0.000000 -0.948451 0.000000 0.000000 0.000000
6202.544434 0.000000 2017.376221 0.000000 0.073807 0.000000 -0.997273 0.000000 0.000000 0.000000
6209.318848 0.000000 2015.841553 0.000000 0.390824 0.000000 -0.920466 0.000000 0.000000 0.000000
6145.318848 0.000000 2072.325928 0.000000 0.041769 0.000000 -0.999127 0.000000 0.000000 0.000000
6181.982422 0.000000 2083.699219 0.000000 0.273235 0.000000 -0.961947 0.000000 0.000000 0.000000
6188.760254 0.000000 2071.942627 0.000000 0.988854 0.000000 -0.148890 0.000000 0.000000 0.000000
6165.705078 0.000000 2116.789551 0.000000 0.678156 0.000000 -0.734918 0.000000 0.000000 0.000000
6158.873047 0.000000 2097.968994 0.000000 0.897765 0.000000 -0.440474 1.000000 1.000000 1.000000
6167.491699 0.000000 2090.553467 0.000000 0.263409 0.000000 -0.964684 0.000000 0.000000 0.000000
6167.890625 0.000000 2673.823242 0.000000 0.963996 0.000000 -0.265916 0.000000 0.000000 0.000000
6182.893555 0.000000 2674.212891 0.000000 0.514583 0.000000 -0.857440 0.000000 0.000000 0.000000
6179.765137 0.000000 2680.612793 0.000000 0.107367 0.000000 -0.994219 0.000000 0.000000 0.000000
6158.953125 0.000000 2708.737305 0.000000 0.993478 0.000000 -0.114023 0.000000 0.000000 0.000000
6165.705078 0.000000 2738.117676 0.000000 0.618961 0.000000 -0.785422 0.000000 0.000000 0.000000
6145.318848 0.000000 2750.138428 0.000000 0.776696 0.000000 -0.629875 0.000000 0.000000 0.000000
6148.458496 0.000000 2765.716064 0.000000 0.362028 0.000000 -0.932167 0.000000 0.000000 0.000000
6156.978516 0.000000 2711.986084 0.000000 0.238068 0.000000 -0.971248 0.000000 0.000000 0.000000
6167.890625 0.000000 2730.307617 0.000000 0.781991 0.000000 -0.623289 0.000000 0.000000 0.000000
6189.516602 0.000000 2782.467773 0.000000 0.662877 0.000000 -0.748728 0.000000 0.000000 0.000000
6165.705078 0.000000 2794.602051 0.000000 0.045610 0.000000 -0.998959 0.000000 0.000000 0.000000
6199.638184 0.000000 2783.477783 0.000000 0.995798 0.000000 -0.091575 0.000000 0.000000 0.000000
6146.500488 0.000000 2787.478516 0.000000 0.959375 0.000000 -0.282133 0.000000 0.000000 0.000000
6229.705078 0.000000 2794.602051 0.000000 0.562958 0.000000 -0.826486 0.000000 0.000000 0.000000
6249.563477 0.000000 2794.225342 0.000000 0.063703 0.000000 -0.997969 0.000000 0.000000 0.000000
6330.544434 0.000000 2751.673096 0.000000 0.831482 0.000000 -0.555552 0.000000 0.000000 0.000000
6313.385742 0.000000 2744.168213 0.000000 0.205661 0.000000 -0.978623 0.000000 0.000000 0.000000
6333.658691 0.000000 2746.565674 0.000000 0.575131 0.000000 -0.818062 1.000000 1.000000 1.000000
6343.671387 0.000000 2736.106445 0.000000 0.669237 0.000000 -0.743049 0.000000 0.000000 0.000000
6361.621582 0.000000 2759.124756 0.000000 0.924688 0.000000 -0.380725 0.000000 0.000000 0.000000
6330.807129 0.000000 2774.388916 0.000000 0.877697 0.000000 -0.479216 0.000000 0.000000 0.000000
6309.432617 0.000000 2778.761475 0.000000 0.626795 0.000000 -0.779184 0.000000 0.000000 0.000000
6298.122559 0.000000 2778.542725 0.000000 0.391580 0.000000 -0.920144 0.000000 0.000000 0.000000
6333.292480 0.000000 2780.293457 0.000000 0.752819 0.000000 -0.658228 0.000000 0.000000 0.000000
6359.491699 0.000000 2768.365967 0.000000 0.999385 0.000000 -0.035064 0.000000 0.000000 0.000000
6336.098633 0.000000 2774.683350 0.000000 0.524702 0.000000 -0.851286 0.000000 0.000000 0.000000
"}
