object={
	name="baobab_generator_1_0"
	clamp_to_water_level=no
	render_under_water=no
	generated_content=yes
	layer="semidynamic"
	pdxmesh="tree_baobab_01_mesh"
	count=214
	transform="4568.795410 0.000000 818.693420 0.000000 0.338987 0.000000 0.940791 0.299444 0.299444 0.299444
4589.537598 0.000000 831.170898 0.000000 0.353766 0.000000 0.935334 0.311893 0.311893 0.311893
4568.535645 0.000000 863.620667 0.000000 0.676600 0.000000 0.736351 0.320589 0.320589 0.320589
4645.265137 0.000000 810.444763 0.000000 0.006555 0.000000 0.999978 0.288702 0.288702 0.288702
4662.280273 0.000000 837.360596 0.000000 0.327292 0.000000 0.944923 0.305473 0.305473 0.305473
4671.314453 0.000000 818.694031 0.000000 0.011077 0.000000 0.999939 0.284351 0.284351 0.284351
4695.339844 0.000000 823.188721 0.000000 0.265275 0.000000 0.964173 0.296895 0.296895 0.296895
4718.880859 0.000000 841.316833 0.000000 0.283292 0.000000 0.959034 0.300344 0.300344 0.300344
4693.917480 0.000000 835.043518 0.000000 0.460635 0.000000 0.887589 0.319153 0.319153 0.319153
4672.850586 0.000000 831.345947 0.000000 0.371543 0.000000 0.928416 0.323640 0.323640 0.323640
4703.732910 0.000000 843.598022 0.000000 0.645074 0.000000 0.764120 0.341161 0.341161 0.341161
4703.740723 0.000000 835.749817 0.000000 0.358050 0.000000 0.933702 0.313989 0.313989 0.313989
4698.769531 0.000000 839.454651 0.000000 0.024832 0.000000 0.999692 0.281897 0.281897 0.281897
4672.926758 0.000000 844.474976 0.000000 0.480641 0.000000 0.876918 0.318303 0.318303 0.318303
4697.172852 0.000000 827.296021 0.000000 0.027172 0.000000 0.999631 0.285159 0.285159 0.285159
4672.328125 0.000000 839.249634 0.000000 0.023992 0.000000 0.999712 0.281833 0.281833 0.281833
4670.025391 0.000000 850.393738 0.000000 0.330635 0.000000 0.943759 0.307899 0.307899 0.307899
4697.661133 0.000000 850.331848 0.000000 0.675966 0.000000 0.736933 0.311618 0.311618 0.311618
4715.690430 0.000000 850.829590 0.000000 0.664381 0.000000 0.747394 0.324541 0.324541 0.324541
4717.431152 0.000000 851.317322 0.000000 0.112369 0.000000 0.993667 0.303133 0.303133 0.303133
4729.728516 0.000000 872.660339 0.000000 0.257586 0.000000 0.966255 0.299902 0.299902 0.299902
4680.993164 0.000000 850.392334 0.000000 0.654334 0.000000 0.756206 0.342413 0.342413 0.342413
4673.323730 0.000000 853.323059 0.000000 0.184744 0.000000 0.982787 0.297307 0.297307 0.297307
4755.362793 0.000000 875.253479 0.000000 0.250517 0.000000 0.968112 0.295512 0.295512 0.295512
4606.038574 0.000000 984.217590 0.000000 0.174628 0.000000 0.984635 0.299331 0.299331 0.299331
4604.112793 0.000000 995.909424 0.000000 0.505796 0.000000 0.862653 0.320512 0.320512 0.320512
4581.374023 0.000000 966.200928 0.000000 0.310595 0.000000 0.950542 0.308200 0.308200 0.308200
4689.219727 0.000000 915.208740 0.000000 0.587334 0.000000 0.809345 0.329799 0.329799 0.329799
4716.016602 0.000000 905.498596 0.000000 0.665171 0.000000 0.746691 0.342750 0.342750 0.342750
4717.674805 0.000000 916.753418 0.000000 0.546875 0.000000 0.837214 0.324204 0.324204 0.324204
4716.311035 0.000000 917.339233 0.000000 0.623634 0.000000 0.781716 0.331443 0.331443 0.331443
4620.978516 0.000000 960.970337 0.000000 0.665520 0.000000 0.746380 0.286904 0.286904 0.286904
4808.954590 0.000000 927.468018 0.000000 0.601570 0.000000 0.798820 0.335085 0.335085 0.335085
4619.583984 0.000000 1020.276428 0.000000 0.311136 0.000000 0.950365 0.309807 0.309807 0.309807
4616.904785 0.000000 1022.998413 0.000000 0.522745 0.000000 0.852489 0.322022 0.322022 0.322022
5102.693848 0.000000 935.808655 0.000000 0.076061 0.000000 0.997103 0.282811 0.282811 0.282811
5112.096680 0.000000 931.393921 0.000000 0.418585 0.000000 0.908177 0.325220 0.325220 0.325220
5089.910645 0.000000 1002.557251 0.000000 0.095365 0.000000 0.995442 0.284295 0.284295 0.284295
5101.587891 0.000000 1024.490967 0.000000 0.258106 0.000000 0.966117 0.300598 0.300598 0.300598
5113.814453 0.000000 1035.561157 0.000000 0.476756 0.000000 0.879036 0.330029 0.330029 0.330029
4977.096680 0.000000 1306.834106 0.000000 0.105822 0.000000 0.994385 0.288831 0.288831 0.288831
4266.219238 0.000000 1684.261475 0.000000 0.609505 0.000000 0.792782 0.331399 0.331399 0.331399
4313.283691 0.000000 1659.664673 0.000000 0.206732 0.000000 0.978398 0.298055 0.298055 0.298055
4327.591309 0.000000 1679.882935 0.000000 0.167278 0.000000 0.985910 0.295942 0.295942 0.295942
4290.575684 0.000000 1679.173950 0.000000 0.261854 0.000000 0.965108 0.294208 0.294208 0.294208
4313.598145 0.000000 1661.678467 0.000000 0.052074 0.000000 0.998643 0.302845 0.302845 0.302845
4344.427734 0.000000 1689.917847 0.000000 0.158541 0.000000 0.987352 0.305907 0.305907 0.305907
4300.996094 0.000000 1667.878784 0.000000 0.135295 0.000000 0.990805 0.291084 0.291084 0.291084
4139.690430 0.000000 1698.095215 0.000000 0.441672 0.000000 0.897176 0.326535 0.326535 0.326535
4129.739258 0.000000 1697.055298 0.000000 0.123559 0.000000 0.992337 0.291992 0.291992 0.291992
4181.008301 0.000000 1723.636353 0.000000 0.301416 0.000000 0.953493 0.309390 0.309390 0.309390
4160.517090 0.000000 1744.308228 0.000000 0.696755 0.000000 0.717310 0.347277 0.347277 0.347277
4173.021484 0.000000 1727.160278 0.000000 0.416409 0.000000 0.909177 0.321929 0.321929 0.321929
4197.106445 0.000000 1707.129272 0.000000 0.219729 0.000000 0.975561 0.303661 0.303661 0.303661
4222.913574 0.000000 1740.569824 0.000000 0.173029 0.000000 0.984917 0.297121 0.297121 0.297121
4192.240234 0.000000 1708.501099 0.000000 0.198423 0.000000 0.980117 0.304159 0.304159 0.304159
4281.112305 0.000000 1701.121582 0.000000 0.383560 0.000000 0.923516 0.318007 0.318007 0.318007
4287.416504 0.000000 1701.756226 0.000000 0.703941 0.000000 0.710259 0.348927 0.348927 0.348927
4289.451660 0.000000 1703.923706 0.000000 0.609998 0.000000 0.792403 0.306092 0.306092 0.306092
4327.260742 0.000000 1716.135254 0.000000 0.540128 0.000000 0.841583 0.327916 0.327916 0.327916
4325.967285 0.000000 1719.428589 0.000000 0.084905 0.000000 0.996389 0.286865 0.286865 0.286865
4295.015137 0.000000 1702.753296 0.000000 0.618316 0.000000 0.785930 0.330924 0.330924 0.330924
4271.546387 0.000000 1757.363037 0.000000 0.543435 0.000000 0.839451 0.325383 0.325383 0.325383
4225.993652 0.000000 1774.465698 0.000000 0.659097 0.000000 0.752058 0.335187 0.335187 0.335187
4606.994629 0.000000 1629.186279 0.000000 0.067574 0.000000 0.997714 0.291720 0.291720 0.291720
4580.144531 0.000000 1630.523926 0.000000 0.583842 0.000000 0.811867 0.331015 0.331015 0.331015
4582.819824 0.000000 1633.814209 0.000000 0.157664 0.000000 0.987493 0.305889 0.305889 0.305889
4577.519531 0.000000 1645.907837 0.000000 0.283776 0.000000 0.958891 0.313192 0.313192 0.313192
4581.817871 0.000000 1671.613647 0.000000 0.664480 0.000000 0.747306 0.344584 0.344584 0.344584
4581.374023 0.000000 1644.013428 0.000000 0.609698 0.000000 0.792634 0.335573 0.335573 0.335573
4412.771484 0.000000 1731.615356 0.000000 0.142010 0.000000 0.989865 0.294095 0.294095 0.294095
4389.508789 0.000000 1709.919556 0.000000 0.626302 0.000000 0.779581 0.337060 0.337060 0.337060
4435.991699 0.000000 1727.758789 0.000000 0.379331 0.000000 0.925261 0.291270 0.291270 0.291270
4427.263184 0.000000 1731.093628 0.000000 0.235185 0.000000 0.971951 0.307234 0.307234 0.307234
4417.042969 0.000000 1727.032349 0.000000 0.598518 0.000000 0.801110 0.326881 0.326881 0.326881
4453.802246 0.000000 1712.808105 0.000000 0.407383 0.000000 0.913258 0.316940 0.316940 0.316940
4418.875977 0.000000 1727.118042 0.000000 0.454097 0.000000 0.890952 0.316009 0.316009 0.316009
4537.190430 0.000000 1736.638062 0.000000 0.605572 0.000000 0.795790 0.338495 0.338495 0.338495
4531.318359 0.000000 1728.172729 0.000000 0.569950 0.000000 0.821679 0.336922 0.336922 0.336922
4522.442383 0.000000 1722.582031 0.000000 0.539532 0.000000 0.841965 0.332532 0.332532 0.332532
4491.039062 0.000000 1710.787598 0.000000 0.272039 0.000000 0.962286 0.305898 0.305898 0.305898
4492.917480 0.000000 1712.728394 0.000000 0.523050 0.000000 0.852302 0.322049 0.322049 0.322049
4504.325195 0.000000 1743.671509 0.000000 0.057197 0.000000 0.998363 0.297219 0.297219 0.297219
4501.894043 0.000000 1747.805054 0.000000 0.393544 0.000000 0.919306 0.318180 0.318180 0.318180
4538.590332 0.000000 1737.085693 0.000000 0.440093 0.000000 0.897952 0.316483 0.316483 0.316483
4533.635254 0.000000 1733.053833 0.000000 0.421266 0.000000 0.906937 0.316906 0.316906 0.316906
4572.380371 0.000000 1749.381592 0.000000 0.312659 0.000000 0.949866 0.291514 0.291514 0.291514
4560.398438 0.000000 1739.587646 0.000000 0.524664 0.000000 0.851309 0.322194 0.322194 0.322194
4600.732422 0.000000 1743.088257 0.000000 0.044851 0.000000 0.998994 0.283428 0.283428 0.283428
4602.406250 0.000000 1733.611572 0.000000 0.425359 0.000000 0.905025 0.313565 0.313565 0.313565
4527.882812 0.000000 1756.039307 0.000000 0.615639 0.000000 0.788028 0.330346 0.330346 0.330346
4509.325684 0.000000 1755.490601 0.000000 0.053122 0.000000 0.998588 0.290122 0.290122 0.290122
4518.707031 0.000000 1759.572876 0.000000 0.028925 0.000000 0.999582 0.292218 0.292218 0.292218
4844.760254 0.000000 1563.583252 0.000000 0.589178 0.000000 0.808003 0.293076 0.293076 0.293076
4857.910645 0.000000 1573.029175 0.000000 0.221205 0.000000 0.975227 0.284023 0.284023 0.284023
4855.062500 0.000000 1576.095581 0.000000 0.615362 0.000000 0.788245 0.313470 0.313470 0.313470
4860.013184 0.000000 1539.942871 0.000000 0.605660 0.000000 0.795723 0.328131 0.328131 0.328131
4830.816895 0.000000 1539.515869 0.000000 0.479226 0.000000 0.877692 0.321717 0.321717 0.321717
4863.374512 0.000000 1565.173584 0.000000 0.641765 0.000000 0.766901 0.321418 0.321418 0.321418
4828.979980 0.000000 1540.357300 0.000000 0.045361 0.000000 0.998971 0.285371 0.285371 0.285371
4857.112305 0.000000 1531.668457 0.000000 0.690495 0.000000 0.723337 0.345493 0.345493 0.345493
4850.861328 0.000000 1580.595581 0.000000 0.327989 0.000000 0.944682 0.314791 0.314791 0.314791
4856.427734 0.000000 1576.949097 0.000000 0.573893 0.000000 0.818931 0.337237 0.337237 0.337237
4852.695312 0.000000 1572.050293 0.000000 0.050939 0.000000 0.998702 0.296035 0.296035 0.296035
4854.280273 0.000000 1571.657471 0.000000 0.657043 0.000000 0.753853 0.337964 0.337964 0.337964
4857.993164 0.000000 1561.673950 0.000000 0.076351 0.000000 0.997081 0.298150 0.298150 0.298150
4849.352051 0.000000 1578.211792 0.000000 0.303787 0.000000 0.952740 0.303580 0.303580 0.303580
4867.452637 0.000000 1565.050659 0.000000 0.654119 0.000000 0.756392 0.339610 0.339610 0.339610
4631.339844 0.000000 1613.969971 0.000000 0.367448 0.000000 0.930044 0.321503 0.321503 0.321503
4643.500488 0.000000 1609.147095 0.000000 0.126326 0.000000 0.991989 0.296527 0.296527 0.296527
4628.314941 0.000000 1608.468140 0.000000 0.529226 0.000000 0.848481 0.324375 0.324375 0.324375
4734.390625 0.000000 1637.322998 0.000000 0.693901 0.000000 0.720070 0.329865 0.329865 0.329865
4655.537109 0.000000 1665.175293 0.000000 0.634763 0.000000 0.772707 0.304307 0.304307 0.304307
4658.490723 0.000000 1660.836426 0.000000 0.646120 0.000000 0.763236 0.333353 0.333353 0.333353
4619.461426 0.000000 1665.641357 0.000000 0.359242 0.000000 0.933244 0.320088 0.320088 0.320088
4617.912598 0.000000 1667.149048 0.000000 0.096062 0.000000 0.995375 0.300603 0.300603 0.300603
4618.583984 0.000000 1664.270874 0.000000 0.407434 0.000000 0.913235 0.323554 0.323554 0.323554
4620.164062 0.000000 1673.556519 0.000000 0.526266 0.000000 0.850320 0.324876 0.324876 0.324876
4684.526855 0.000000 1661.092651 0.000000 0.305042 0.000000 0.952339 0.302779 0.302779 0.302779
4701.422852 0.000000 1676.598755 0.000000 0.545360 0.000000 0.838202 0.314507 0.314507 0.314507
4735.510742 0.000000 1662.783569 0.000000 0.702900 0.000000 0.711289 0.338569 0.338569 0.338569
4714.440430 0.000000 1654.255859 0.000000 0.579951 0.000000 0.814651 0.330828 0.330828 0.330828
4711.104492 0.000000 1649.940430 0.000000 0.446679 0.000000 0.894694 0.318140 0.318140 0.318140
4720.943848 0.000000 1649.635376 0.000000 0.652949 0.000000 0.757402 0.343030 0.343030 0.343030
4732.312988 0.000000 1661.801758 0.000000 0.091895 0.000000 0.995769 0.298844 0.298844 0.298844
4705.519531 0.000000 1645.907837 0.000000 0.210135 0.000000 0.977672 0.297870 0.297870 0.297870
4680.953125 0.000000 1663.977539 0.000000 0.417429 0.000000 0.908709 0.319444 0.319444 0.319444
4711.989746 0.000000 1663.950806 0.000000 0.392248 0.000000 0.919860 0.325039 0.325039 0.325039
4717.531250 0.000000 1656.439941 0.000000 0.533509 0.000000 0.845794 0.332050 0.332050 0.332050
4705.699219 0.000000 1651.477173 0.000000 0.502855 0.000000 0.864371 0.326507 0.326507 0.326507
4711.789551 0.000000 1651.984253 0.000000 0.265910 0.000000 0.963998 0.300561 0.300561 0.300561
4734.871094 0.000000 1681.557373 0.000000 0.368258 0.000000 0.929724 0.312387 0.312387 0.312387
4691.337891 0.000000 1638.205688 0.000000 0.164663 0.000000 0.986350 0.301408 0.301408 0.301408
4695.062012 0.000000 1654.168579 0.000000 0.211135 0.000000 0.977457 0.304050 0.304050 0.304050
4696.230957 0.000000 1653.055664 0.000000 0.051076 0.000000 0.998695 0.290353 0.290353 0.290353
4676.588867 0.000000 1647.684326 0.000000 0.449777 0.000000 0.893141 0.315639 0.315639 0.315639
4712.696289 0.000000 1648.294434 0.000000 0.126263 0.000000 0.991997 0.289672 0.289672 0.289672
4782.782227 0.000000 1623.626587 0.000000 0.360958 0.000000 0.932582 0.303909 0.303909 0.303909
4789.007812 0.000000 1622.712891 0.000000 0.644138 0.000000 0.764909 0.332437 0.332437 0.332437
4790.904297 0.000000 1617.870728 0.000000 0.462581 0.000000 0.886577 0.316738 0.316738 0.316738
4836.045898 0.000000 1586.837402 0.000000 0.261386 0.000000 0.965234 0.291647 0.291647 0.291647
4841.204590 0.000000 1618.123901 0.000000 0.062877 0.000000 0.998021 0.291469 0.291469 0.291469
4843.659668 0.000000 1617.742188 0.000000 0.545140 0.000000 0.838345 0.309293 0.309293 0.309293
4831.328613 0.000000 1631.884399 0.000000 0.279100 0.000000 0.960262 0.293154 0.293154 0.293154
4830.716309 0.000000 1627.800537 0.000000 0.028294 0.000000 0.999600 0.299876 0.299876 0.299876
4838.819824 0.000000 1633.814209 0.000000 0.614289 0.000000 0.789081 0.341203 0.341203 0.341203
4779.601562 0.000000 1690.946899 0.000000 0.320553 0.000000 0.947231 0.317813 0.317813 0.317813
4798.854492 0.000000 1664.630249 0.000000 0.610951 0.000000 0.791668 0.336705 0.336705 0.336705
4790.485352 0.000000 1663.461060 0.000000 0.136295 0.000000 0.990668 0.299753 0.299753 0.299753
4736.049316 0.000000 1663.744385 0.000000 0.001362 0.000000 0.999999 0.280104 0.280104 0.280104
4820.832520 0.000000 1650.626465 0.000000 0.529568 0.000000 0.848268 0.304677 0.304677 0.304677
4860.454590 0.000000 1678.385986 0.000000 0.244834 0.000000 0.969565 0.304513 0.304513 0.304513
4853.097168 0.000000 1639.832153 0.000000 0.645952 0.000000 0.763378 0.344274 0.344274 0.344274
4845.674805 0.000000 1651.050293 0.000000 0.632434 0.000000 0.774614 0.339828 0.339828 0.339828
4826.869141 0.000000 1659.495728 0.000000 0.605251 0.000000 0.796035 0.332421 0.332421 0.332421
4855.848633 0.000000 1638.109985 0.000000 0.447863 0.000000 0.894102 0.315475 0.315475 0.315475
4853.071289 0.000000 1642.788208 0.000000 0.369917 0.000000 0.929065 0.308947 0.308947 0.308947
4857.144531 0.000000 1639.662109 0.000000 0.239696 0.000000 0.970848 0.298491 0.298491 0.298491
4854.041992 0.000000 1638.089233 0.000000 0.535791 0.000000 0.844351 0.323197 0.323197 0.323197
4827.236816 0.000000 1655.533813 0.000000 0.130430 0.000000 0.991457 0.289993 0.289993 0.289993
4840.166504 0.000000 1650.652954 0.000000 0.540978 0.000000 0.841037 0.323667 0.323667 0.323667
4806.966309 0.000000 1685.916870 0.000000 0.050925 0.000000 0.998702 0.283892 0.283892 0.283892
4634.709961 0.000000 1731.571167 0.000000 0.364538 0.000000 0.931188 0.283558 0.283558 0.283558
4616.404785 0.000000 1714.959106 0.000000 0.629958 0.000000 0.776629 0.332507 0.332507 0.332507
4627.881836 0.000000 1733.068726 0.000000 0.620097 0.000000 0.784526 0.338152 0.338152 0.338152
4619.039062 0.000000 1710.787598 0.000000 0.284540 0.000000 0.958664 0.314207 0.314207 0.314207
4609.639160 0.000000 1729.737671 0.000000 0.061816 0.000000 0.998088 0.294897 0.294897 0.294897
4637.938965 0.000000 1711.064697 0.000000 0.152795 0.000000 0.988258 0.297734 0.297734 0.297734
4652.311035 0.000000 1708.120483 0.000000 0.332645 0.000000 0.943052 0.305906 0.305906 0.305906
4618.576172 0.000000 1724.875000 0.000000 0.686413 0.000000 0.727212 0.337796 0.337796 0.337796
4694.077637 0.000000 1711.705933 0.000000 0.439187 0.000000 0.898395 0.312389 0.312389 0.312389
4729.112305 0.000000 1701.121582 0.000000 0.624618 0.000000 0.780930 0.340936 0.340936 0.340936
4735.416504 0.000000 1701.756226 0.000000 0.314476 0.000000 0.949265 0.305376 0.305376 0.305376
4759.408203 0.000000 1706.369385 0.000000 0.540739 0.000000 0.841190 0.303785 0.303785 0.303785
4770.087402 0.000000 1719.586426 0.000000 0.560515 0.000000 0.828144 0.336174 0.336174 0.336174
4766.190918 0.000000 1731.585083 0.000000 0.335605 0.000000 0.942003 0.314734 0.314734 0.314734
4739.049316 0.000000 1706.802124 0.000000 0.543584 0.000000 0.839355 0.331116 0.331116 0.331116
4764.743164 0.000000 1723.144287 0.000000 0.245084 0.000000 0.969502 0.298916 0.298916 0.298916
4775.522949 0.000000 1698.529419 0.000000 0.192102 0.000000 0.981375 0.294767 0.294767 0.294767
4750.755859 0.000000 1703.979370 0.000000 0.602331 0.000000 0.798247 0.329383 0.329383 0.329383
4875.256348 0.000000 1691.080200 0.000000 0.470461 0.000000 0.882421 0.329293 0.329293 0.329293
4934.054199 0.000000 1639.645508 0.000000 0.286466 0.000000 0.958090 0.314661 0.314661 0.314661
5110.173828 0.000000 1587.746704 0.000000 0.479138 0.000000 0.877740 0.286372 0.286372 0.286372
5164.412598 0.000000 946.023743 0.000000 0.198725 0.000000 0.980055 0.298792 0.298792 0.298792
5120.936035 0.000000 926.359558 0.000000 0.498888 0.000000 0.866666 0.305210 0.305210 0.305210
5122.681152 0.000000 925.968567 0.000000 0.424588 0.000000 0.905387 0.327916 0.327916 0.327916
5175.044922 0.000000 999.322693 0.000000 0.462886 0.000000 0.886418 0.319976 0.319976 0.319976
5170.395020 0.000000 990.250977 0.000000 0.320932 0.000000 0.947102 0.305270 0.305270 0.305270
5166.744141 0.000000 985.887878 0.000000 0.232697 0.000000 0.972549 0.297941 0.297941 0.297941
5174.816895 0.000000 1017.969543 0.000000 0.628522 0.000000 0.777792 0.288480 0.288480 0.288480
5181.252441 0.000000 1027.145142 0.000000 0.506252 0.000000 0.862385 0.322103 0.322103 0.322103
5179.993164 0.000000 1033.262329 0.000000 0.409892 0.000000 0.912134 0.312264 0.312264 0.312264
5183.416504 0.000000 1023.943726 0.000000 0.571545 0.000000 0.820571 0.338251 0.338251 0.338251
5193.866211 0.000000 1055.791138 0.000000 0.375648 0.000000 0.926763 0.322670 0.322670 0.322670
5191.546875 0.000000 1048.023560 0.000000 0.118936 0.000000 0.992902 0.305778 0.305778 0.305778
5215.328613 0.000000 1123.525024 0.000000 0.645684 0.000000 0.763605 0.333320 0.333320 0.333320
5208.470703 0.000000 1095.951050 0.000000 0.688949 0.000000 0.724810 0.341301 0.341301 0.341301
5171.016113 0.000000 1150.538574 0.000000 0.516608 0.000000 0.856222 0.303226 0.303226 0.303226
5150.961914 0.000000 1130.648804 0.000000 0.532665 0.000000 0.846326 0.323852 0.323852 0.323852
5212.431641 0.000000 1137.195312 0.000000 0.194898 0.000000 0.980823 0.288442 0.288442 0.288442
5193.278320 0.000000 1179.771118 0.000000 0.701380 0.000000 0.712788 0.314054 0.314054 0.314054
5194.072266 0.000000 1185.859497 0.000000 0.420461 0.000000 0.907310 0.295367 0.295367 0.295367
5237.633789 0.000000 1166.744751 0.000000 0.541298 0.000000 0.840831 0.322995 0.322995 0.322995
5192.237305 0.000000 1177.714111 0.000000 0.584242 0.000000 0.811579 0.325894 0.325894 0.325894
5192.954590 0.000000 1153.405518 0.000000 0.145624 0.000000 0.989340 0.298634 0.298634 0.298634
5202.728027 0.000000 1163.845581 0.000000 0.371000 0.000000 0.928633 0.319738 0.319738 0.319738
5189.850586 0.000000 1147.465942 0.000000 0.486809 0.000000 0.873508 0.318841 0.318841 0.318841
5188.220703 0.000000 1147.042236 0.000000 0.294050 0.000000 0.955790 0.302801 0.302801 0.302801
5222.824707 0.000000 1191.409790 0.000000 0.182489 0.000000 0.983208 0.305795 0.305795 0.305795
5206.077637 0.000000 1203.346558 0.000000 0.407430 0.000000 0.913236 0.322117 0.322117 0.322117
5229.143066 0.000000 1186.474243 0.000000 0.254300 0.000000 0.967125 0.298795 0.298795 0.298795
5226.439941 0.000000 1198.395752 0.000000 0.251276 0.000000 0.967915 0.300390 0.300390 0.300390
5205.229004 0.000000 1200.264160 0.000000 0.697018 0.000000 0.717054 0.346703 0.346703 0.346703
5207.560547 0.000000 1203.697754 0.000000 0.691306 0.000000 0.722562 0.345367 0.345367 0.345367
"}
object={
	name="baobab_generator_1_1"
	clamp_to_water_level=no
	render_under_water=no
	generated_content=yes
	layer="semidynamic"
	pdxmesh="tree_baobab_02_mesh"
	count=187
	transform="4546.575684 0.000000 831.908325 0.000000 0.958207 0.000000 0.286075 0.344390 0.344390 0.344390
4594.999023 0.000000 798.124084 0.000000 0.983765 0.000000 0.179461 0.383294 0.383294 0.383294
4579.595703 0.000000 810.893127 0.000000 0.858102 0.000000 0.513479 0.361767 0.361767 0.361767
4566.404297 0.000000 816.396545 0.000000 0.999532 0.000000 0.030600 0.397662 0.397662 0.397662
4544.421387 0.000000 834.304382 0.000000 0.740468 0.000000 0.672091 0.346639 0.346639 0.346639
4575.786621 0.000000 824.502625 0.000000 0.978685 0.000000 0.205367 0.384715 0.384715 0.384715
4586.783691 0.000000 823.587524 0.000000 0.978991 0.000000 0.203903 0.384313 0.384313 0.384313
4619.442871 0.000000 808.589844 0.000000 0.798813 0.000000 0.601579 0.343566 0.343566 0.343566
4612.602051 0.000000 793.387085 0.000000 0.944365 0.000000 0.328899 0.351124 0.351124 0.351124
4668.473145 0.000000 817.765320 0.000000 0.730095 0.000000 0.683346 0.348903 0.348903 0.348903
4667.964844 0.000000 842.083069 0.000000 0.749105 0.000000 0.662452 0.351467 0.351467 0.351467
4613.041016 0.000000 834.557800 0.000000 0.934873 0.000000 0.354983 0.373998 0.373998 0.373998
4670.913574 0.000000 836.819763 0.000000 0.972561 0.000000 0.232647 0.382414 0.382414 0.382414
4667.914062 0.000000 819.103943 0.000000 0.908445 0.000000 0.418005 0.367055 0.367055 0.367055
4660.695801 0.000000 826.884949 0.000000 0.957790 0.000000 0.287468 0.377725 0.377725 0.377725
4678.424805 0.000000 811.141418 0.000000 0.916530 0.000000 0.399966 0.350016 0.350016 0.350016
4695.935547 0.000000 827.836365 0.000000 0.753487 0.000000 0.657463 0.346142 0.346142 0.346142
4679.143066 0.000000 818.165710 0.000000 0.940839 0.000000 0.338854 0.339697 0.339697 0.339697
4721.031738 0.000000 837.119812 0.000000 0.766873 0.000000 0.641799 0.334778 0.334778 0.334778
4701.418457 0.000000 840.778748 0.000000 0.874478 0.000000 0.485065 0.367633 0.367633 0.367633
4701.614258 0.000000 822.509155 0.000000 0.754475 0.000000 0.656329 0.346231 0.346231 0.346231
4671.423340 0.000000 850.740906 0.000000 0.791994 0.000000 0.610529 0.350977 0.350977 0.350977
4705.491699 0.000000 853.160889 0.000000 0.842973 0.000000 0.537956 0.340760 0.340760 0.340760
4707.182129 0.000000 854.031982 0.000000 0.997985 0.000000 0.063448 0.395720 0.395720 0.395720
4732.312988 0.000000 871.020508 0.000000 0.995932 0.000000 0.090107 0.393828 0.393828 0.393828
4695.673828 0.000000 853.221741 0.000000 0.982758 0.000000 0.184896 0.387186 0.387186 0.387186
4710.002930 0.000000 848.927185 0.000000 0.763981 0.000000 0.645239 0.348523 0.348523 0.348523
4719.484375 0.000000 866.724731 0.000000 0.746599 0.000000 0.665274 0.344396 0.344396 0.344396
4704.387695 0.000000 856.559143 0.000000 0.970375 0.000000 0.241603 0.381358 0.381358 0.381358
4817.219727 0.000000 858.724365 0.000000 0.748743 0.000000 0.662861 0.333294 0.333294 0.333294
4631.416992 0.000000 951.682800 0.000000 0.772879 0.000000 0.634554 0.342052 0.342052 0.342052
4610.069824 0.000000 985.056030 0.000000 0.838726 0.000000 0.544554 0.352794 0.352794 0.352794
4619.583984 0.000000 963.792053 0.000000 0.937463 0.000000 0.348085 0.372840 0.372840 0.372840
4648.696289 0.000000 970.481934 0.000000 0.962214 0.000000 0.272294 0.378932 0.378932 0.378932
4808.173828 0.000000 926.016296 0.000000 0.995019 0.000000 0.099682 0.392995 0.392995 0.392995
4812.773926 0.000000 937.934021 0.000000 0.942367 0.000000 0.334580 0.373403 0.373403 0.373403
4800.090332 0.000000 963.529968 0.000000 0.933236 0.000000 0.359264 0.351389 0.351389 0.351389
4802.009277 0.000000 981.283142 0.000000 0.928762 0.000000 0.370676 0.370990 0.370990 0.370990
5096.389160 0.000000 957.380371 0.000000 0.928558 0.000000 0.371188 0.360399 0.360399 0.360399
5094.686523 0.000000 960.540161 0.000000 0.983481 0.000000 0.181010 0.368558 0.368558 0.368558
5099.690430 0.000000 1020.282715 0.000000 0.980463 0.000000 0.196702 0.358287 0.358287 0.358287
5104.914551 0.000000 1033.902344 0.000000 0.991851 0.000000 0.127405 0.372654 0.372654 0.372654
4968.567383 0.000000 1277.339600 0.000000 0.834995 0.000000 0.550258 0.355033 0.355033 0.355033
4989.145996 0.000000 1284.335449 0.000000 0.942055 0.000000 0.335458 0.373866 0.373866 0.373866
4959.182129 0.000000 1346.639771 0.000000 0.817739 0.000000 0.575589 0.353145 0.353145 0.353145
4964.170898 0.000000 1353.537231 0.000000 0.985329 0.000000 0.170668 0.386898 0.386898 0.386898
4286.854492 0.000000 1664.630249 0.000000 0.996453 0.000000 0.084149 0.394258 0.394258 0.394258
4289.042969 0.000000 1670.547974 0.000000 0.950704 0.000000 0.310101 0.348165 0.348165 0.348165
4303.736328 0.000000 1668.808105 0.000000 0.941232 0.000000 0.337760 0.377034 0.377034 0.377034
4321.478516 0.000000 1668.068359 0.000000 0.707605 0.000000 0.706608 0.347890 0.347890 0.347890
4294.562500 0.000000 1681.468872 0.000000 0.954392 0.000000 0.298557 0.380245 0.380245 0.380245
4344.412109 0.000000 1693.093018 0.000000 0.997924 0.000000 0.064400 0.395479 0.395479 0.395479
4326.014160 0.000000 1668.875488 0.000000 0.833909 0.000000 0.551902 0.357964 0.357964 0.357964
4157.810547 0.000000 1728.184692 0.000000 0.769320 0.000000 0.638863 0.354670 0.354670 0.354670
4158.208984 0.000000 1731.191895 0.000000 0.734083 0.000000 0.679060 0.345769 0.345769 0.345769
4182.628418 0.000000 1724.558472 0.000000 0.867578 0.000000 0.497302 0.314514 0.314514 0.314514
4181.235840 0.000000 1714.392334 0.000000 0.863908 0.000000 0.503650 0.325396 0.325396 0.325396
4181.452637 0.000000 1716.514160 0.000000 0.901726 0.000000 0.432308 0.370312 0.370312 0.370312
4176.310547 0.000000 1742.126709 0.000000 0.975624 0.000000 0.219450 0.381809 0.381809 0.381809
4194.977539 0.000000 1709.030640 0.000000 0.827616 0.000000 0.561295 0.356853 0.356853 0.356853
4170.378418 0.000000 1706.392578 0.000000 0.904770 0.000000 0.425902 0.369136 0.369136 0.369136
4173.322266 0.000000 1699.128052 0.000000 0.880265 0.000000 0.474483 0.365195 0.365195 0.365195
4178.425781 0.000000 1743.383423 0.000000 0.750710 0.000000 0.660632 0.350454 0.350454 0.350454
4143.447754 0.000000 1763.701294 0.000000 0.749926 0.000000 0.661522 0.319025 0.319025 0.319025
4143.339355 0.000000 1751.261597 0.000000 0.862497 0.000000 0.506061 0.340915 0.340915 0.340915
4149.177734 0.000000 1761.536011 0.000000 0.879179 0.000000 0.476492 0.354685 0.354685 0.354685
4163.913086 0.000000 1761.952148 0.000000 0.927380 0.000000 0.374122 0.353451 0.353451 0.353451
4173.299805 0.000000 1762.482300 0.000000 0.981945 0.000000 0.189169 0.386126 0.386126 0.386126
4277.519043 0.000000 1721.156616 0.000000 0.999923 0.000000 0.012446 0.343430 0.343430 0.343430
4270.421387 0.000000 1703.578369 0.000000 0.983675 0.000000 0.179953 0.387036 0.387036 0.387036
4345.460938 0.000000 1694.634521 0.000000 0.883493 0.000000 0.468444 0.333822 0.333822 0.333822
4293.475098 0.000000 1702.807495 0.000000 0.816488 0.000000 0.577363 0.352980 0.352980 0.352980
4239.736328 0.000000 1781.776855 0.000000 0.908176 0.000000 0.418587 0.368947 0.368947 0.368947
4240.278320 0.000000 1771.734863 0.000000 0.771359 0.000000 0.636400 0.353329 0.353329 0.353329
4241.817871 0.000000 1770.176758 0.000000 0.831618 0.000000 0.555348 0.360165 0.360165 0.360165
4242.834473 0.000000 1777.605103 0.000000 0.757047 0.000000 0.653360 0.346495 0.346495 0.346495
4240.399414 0.000000 1778.736328 0.000000 0.905340 0.000000 0.424687 0.366492 0.366492 0.366492
4579.619629 0.000000 1623.469360 0.000000 0.826960 0.000000 0.562261 0.355040 0.355040 0.355040
4579.200195 0.000000 1650.843872 0.000000 0.987600 0.000000 0.156989 0.358276 0.358276 0.358276
4577.049316 0.000000 1639.297119 0.000000 0.929834 0.000000 0.367979 0.354781 0.354781 0.354781
4588.442383 0.000000 1644.559692 0.000000 0.912798 0.000000 0.408412 0.371011 0.371011 0.371011
4583.382324 0.000000 1671.665405 0.000000 0.832629 0.000000 0.553831 0.361461 0.361461 0.361461
4576.387695 0.000000 1647.340332 0.000000 0.849501 0.000000 0.527587 0.357543 0.357543 0.357543
4366.979980 0.000000 1719.371460 0.000000 0.800941 0.000000 0.598743 0.317505 0.317505 0.317505
4407.044922 0.000000 1733.619629 0.000000 0.979093 0.000000 0.203414 0.385374 0.385374 0.385374
4387.217285 0.000000 1705.369751 0.000000 0.981227 0.000000 0.192854 0.373095 0.373095 0.373095
4388.560547 0.000000 1708.587036 0.000000 0.976036 0.000000 0.217610 0.384556 0.384556 0.384556
4452.759766 0.000000 1715.907471 0.000000 0.835764 0.000000 0.549088 0.342731 0.342731 0.342731
4426.378418 0.000000 1706.392578 0.000000 0.776396 0.000000 0.630245 0.354208 0.354208 0.354208
4541.738281 0.000000 1722.780396 0.000000 0.867478 0.000000 0.497475 0.325723 0.325723 0.325723
4503.348633 0.000000 1747.529663 0.000000 0.766331 0.000000 0.642446 0.347317 0.347317 0.347317
4530.394043 0.000000 1746.653076 0.000000 0.745747 0.000000 0.666229 0.348713 0.348713 0.348713
4524.208984 0.000000 1748.617798 0.000000 0.945429 0.000000 0.325828 0.374646 0.374646 0.374646
4579.689941 0.000000 1746.132935 0.000000 0.920617 0.000000 0.390467 0.338974 0.338974 0.338974
4600.346680 0.000000 1716.732178 0.000000 0.866648 0.000000 0.498919 0.341347 0.341347 0.341347
4590.671387 0.000000 1740.985718 0.000000 0.922440 0.000000 0.386141 0.344053 0.344053 0.344053
4561.862305 0.000000 1730.858643 0.000000 0.962779 0.000000 0.270291 0.381551 0.381551 0.381551
4499.350098 0.000000 1753.369507 0.000000 0.795945 0.000000 0.605369 0.352112 0.352112 0.352112
4514.757812 0.000000 1756.477661 0.000000 0.926383 0.000000 0.376583 0.370504 0.370504 0.370504
4544.523438 0.000000 1752.671631 0.000000 0.990234 0.000000 0.139413 0.389315 0.389315 0.389315
4546.970703 0.000000 1760.463257 0.000000 0.984363 0.000000 0.176152 0.386472 0.386472 0.386472
4856.315430 0.000000 1562.087158 0.000000 0.916122 0.000000 0.400898 0.343239 0.343239 0.343239
4829.938965 0.000000 1541.611572 0.000000 0.975195 0.000000 0.221349 0.383228 0.383228 0.383228
4847.221680 0.000000 1565.780396 0.000000 0.899710 0.000000 0.436488 0.365719 0.365719 0.365719
4851.649902 0.000000 1577.699707 0.000000 0.888963 0.000000 0.457980 0.363658 0.363658 0.363658
4849.044434 0.000000 1574.158447 0.000000 0.933922 0.000000 0.357477 0.372073 0.372073 0.372073
4943.228516 0.000000 1382.637207 0.000000 0.736067 0.000000 0.676909 0.351364 0.351364 0.351364
4981.177734 0.000000 1422.629761 0.000000 0.844161 0.000000 0.536090 0.343570 0.343570 0.343570
4866.311035 0.000000 1561.689209 0.000000 0.991239 0.000000 0.132078 0.384116 0.384116 0.384116
5041.424316 0.000000 1507.010254 0.000000 0.980153 0.000000 0.198241 0.352987 0.352987 0.352987
5078.628418 0.000000 1555.105347 0.000000 0.779773 0.000000 0.626063 0.333296 0.333296 0.333296
4658.861328 0.000000 1637.079956 0.000000 0.756439 0.000000 0.654064 0.351053 0.351053 0.351053
4688.716797 0.000000 1613.660278 0.000000 0.994849 0.000000 0.101368 0.348177 0.348177 0.348177
4708.099609 0.000000 1619.880249 0.000000 0.999980 0.000000 0.006263 0.382834 0.382834 0.382834
4697.935547 0.000000 1621.965088 0.000000 0.895485 0.000000 0.445093 0.366719 0.366719 0.366719
4691.521973 0.000000 1613.338135 0.000000 0.998137 0.000000 0.061005 0.395352 0.395352 0.395352
4627.991699 0.000000 1671.274414 0.000000 0.954860 0.000000 0.297055 0.338790 0.338790 0.338790
4621.872070 0.000000 1666.449341 0.000000 0.811424 0.000000 0.584458 0.338656 0.338656 0.338656
4639.888672 0.000000 1659.591187 0.000000 0.922672 0.000000 0.385586 0.360472 0.360472 0.360472
4621.021484 0.000000 1670.675903 0.000000 0.937879 0.000000 0.346963 0.376735 0.376735 0.376735
4670.321777 0.000000 1656.379028 0.000000 0.802952 0.000000 0.596043 0.352493 0.352493 0.352493
4665.773926 0.000000 1659.835693 0.000000 0.937709 0.000000 0.347423 0.373337 0.373337 0.373337
4708.759766 0.000000 1659.423096 0.000000 0.966658 0.000000 0.256070 0.339766 0.339766 0.339766
4682.564941 0.000000 1640.595825 0.000000 0.718596 0.000000 0.695428 0.335001 0.335001 0.335001
4733.638184 0.000000 1657.770142 0.000000 0.903791 0.000000 0.427973 0.337922 0.337922 0.337922
4718.245605 0.000000 1657.969360 0.000000 0.999274 0.000000 0.038093 0.397317 0.397317 0.397317
4712.756348 0.000000 1643.513428 0.000000 0.781369 0.000000 0.624069 0.350197 0.350197 0.350197
4672.144043 0.000000 1666.447144 0.000000 0.768405 0.000000 0.639964 0.346675 0.346675 0.346675
4713.963379 0.000000 1645.576172 0.000000 0.956853 0.000000 0.290571 0.377477 0.377477 0.377477
4672.233887 0.000000 1651.490112 0.000000 0.997137 0.000000 0.075614 0.395049 0.395049 0.395049
4726.280273 0.000000 1684.626221 0.000000 0.955639 0.000000 0.294541 0.377160 0.377160 0.377160
4692.314941 0.000000 1664.952515 0.000000 0.943070 0.000000 0.332593 0.374098 0.374098 0.374098
4713.922852 0.000000 1663.198853 0.000000 0.954376 0.000000 0.298608 0.377743 0.377743 0.377743
4677.475098 0.000000 1646.323120 0.000000 0.954328 0.000000 0.298761 0.376822 0.376822 0.376822
4677.597168 0.000000 1664.933594 0.000000 0.995170 0.000000 0.098171 0.392685 0.392685 0.392685
4839.299805 0.000000 1627.941895 0.000000 0.987913 0.000000 0.155010 0.376374 0.376374 0.376374
4843.601562 0.000000 1634.462524 0.000000 0.997041 0.000000 0.076874 0.378776 0.378776 0.378776
4845.470215 0.000000 1628.846802 0.000000 0.944836 0.000000 0.327545 0.374507 0.374507 0.374507
4847.816406 0.000000 1627.350830 0.000000 0.996789 0.000000 0.080068 0.393877 0.393877 0.393877
4827.559082 0.000000 1617.451782 0.000000 0.997710 0.000000 0.067640 0.394829 0.394829 0.394829
4842.351562 0.000000 1630.650879 0.000000 0.715010 0.000000 0.699114 0.340859 0.340859 0.340859
4848.316895 0.000000 1623.293823 0.000000 0.930489 0.000000 0.366319 0.371348 0.371348 0.371348
4758.077637 0.000000 1655.221558 0.000000 0.979258 0.000000 0.202619 0.352762 0.352762 0.352762
4776.256348 0.000000 1654.894653 0.000000 0.870028 0.000000 0.493003 0.363447 0.363447 0.363447
4756.433105 0.000000 1655.061401 0.000000 0.980644 0.000000 0.195797 0.387110 0.387110 0.387110
4793.728516 0.000000 1663.441528 0.000000 0.999793 0.000000 0.020349 0.398547 0.398547 0.398547
4754.728027 0.000000 1672.204956 0.000000 0.839607 0.000000 0.543195 0.360432 0.360432 0.360432
4779.584473 0.000000 1677.121826 0.000000 0.915243 0.000000 0.402903 0.368424 0.368424 0.368424
4823.885254 0.000000 1663.827026 0.000000 0.997186 0.000000 0.074965 0.385424 0.385424 0.385424
4827.443848 0.000000 1670.311890 0.000000 0.755216 0.000000 0.655476 0.343820 0.343820 0.343820
4827.877441 0.000000 1649.537720 0.000000 0.957617 0.000000 0.288044 0.372424 0.372424 0.372424
4861.976074 0.000000 1678.732666 0.000000 0.996799 0.000000 0.079955 0.394225 0.394225 0.394225
4838.074219 0.000000 1647.893433 0.000000 0.967250 0.000000 0.253827 0.380907 0.380907 0.380907
4616.173828 0.000000 1716.797607 0.000000 0.990664 0.000000 0.136330 0.385982 0.385982 0.385982
4635.528320 0.000000 1729.070435 0.000000 0.974711 0.000000 0.223471 0.367169 0.367169 0.367169
4638.609375 0.000000 1720.193848 0.000000 0.842836 0.000000 0.538170 0.355011 0.355011 0.355011
4620.904785 0.000000 1722.013672 0.000000 0.995740 0.000000 0.092203 0.393061 0.393061 0.393061
4614.218750 0.000000 1713.605347 0.000000 0.922060 0.000000 0.387046 0.369937 0.369937 0.369937
4727.353516 0.000000 1701.675049 0.000000 0.991678 0.000000 0.128740 0.390524 0.390524 0.390524
4767.826172 0.000000 1702.653687 0.000000 0.806914 0.000000 0.590669 0.310786 0.310786 0.310786
4766.924805 0.000000 1733.836060 0.000000 0.880343 0.000000 0.474338 0.366718 0.366718 0.366718
4821.209473 0.000000 1701.393555 0.000000 0.967299 0.000000 0.253639 0.383034 0.383034 0.383034
4951.836426 0.000000 1632.175415 0.000000 0.945262 0.000000 0.326313 0.352258 0.352258 0.352258
4875.929688 0.000000 1650.052734 0.000000 0.964770 0.000000 0.263094 0.314780 0.314780 0.314780
4884.832520 0.000000 1650.626465 0.000000 0.866533 0.000000 0.499120 0.331201 0.331201 0.331201
4882.498535 0.000000 1641.864868 0.000000 0.956149 0.000000 0.292880 0.351093 0.351093 0.351093
5158.646484 0.000000 935.907227 0.000000 0.919229 0.000000 0.393722 0.356137 0.356137 0.356137
5177.981445 0.000000 1022.346313 0.000000 0.782111 0.000000 0.623139 0.348606 0.348606 0.348606
5181.505859 0.000000 1024.795166 0.000000 0.718500 0.000000 0.695527 0.341241 0.341241 0.341241
5194.234863 0.000000 1064.164673 0.000000 0.992604 0.000000 0.121400 0.392252 0.392252 0.392252
5148.431641 0.000000 1080.710938 0.000000 0.985685 0.000000 0.168599 0.348165 0.348165 0.348165
5211.528320 0.000000 1107.742310 0.000000 0.994363 0.000000 0.106028 0.392946 0.392946 0.392946
5167.447754 0.000000 1142.373169 0.000000 0.812191 0.000000 0.583391 0.335217 0.335217 0.335217
5177.773926 0.000000 1151.476318 0.000000 0.997994 0.000000 0.063315 0.395445 0.395445 0.395445
5222.581055 0.000000 1164.811890 0.000000 0.971950 0.000000 0.235189 0.342834 0.342834 0.342834
5237.519043 0.000000 1156.312866 0.000000 0.859009 0.000000 0.511960 0.324029 0.324029 0.324029
5198.979980 0.000000 1154.527710 0.000000 0.940394 0.000000 0.340086 0.349519 0.349519 0.349519
5222.646484 0.000000 1161.844727 0.000000 0.932657 0.000000 0.360764 0.346418 0.346418 0.346418
5209.618652 0.000000 1181.364746 0.000000 0.804184 0.000000 0.594380 0.335385 0.335385 0.335385
5184.597656 0.000000 1150.154785 0.000000 0.847809 0.000000 0.530302 0.358228 0.358228 0.358228
5190.562500 0.000000 1173.109497 0.000000 0.998831 0.000000 0.048344 0.396547 0.396547 0.396547
5200.485352 0.000000 1154.799683 0.000000 0.799397 0.000000 0.600803 0.356073 0.356073 0.356073
5229.587891 0.000000 1193.944092 0.000000 0.898351 0.000000 0.439279 0.365370 0.365370 0.365370
5200.278320 0.000000 1199.727661 0.000000 0.720443 0.000000 0.693515 0.347577 0.347577 0.347577
5227.071777 0.000000 1196.750366 0.000000 0.791103 0.000000 0.611683 0.349718 0.349718 0.349718
5202.442383 0.000000 1201.188477 0.000000 0.912555 0.000000 0.408955 0.370654 0.370654 0.370654
5228.188965 0.000000 1191.192993 0.000000 0.880504 0.000000 0.474039 0.362394 0.362394 0.362394
"}
object={
	name="baobab_generator_1_2"
	clamp_to_water_level=no
	render_under_water=no
	generated_content=yes
	layer="semidynamic"
	pdxmesh="tree_baobab_03_mesh"
	count=203
	transform="4577.910645 0.000000 833.104126 0.000000 0.931218 0.000000 -0.364464 0.376743 0.376743 0.376743
4579.522949 0.000000 835.427185 0.000000 0.744399 0.000000 -0.667736 0.446547 0.446547 0.446547
4568.332520 0.000000 825.985657 0.000000 0.869493 0.000000 -0.493945 0.415510 0.415510 0.415510
4562.362793 0.000000 823.417847 0.000000 0.782612 0.000000 -0.622510 0.443281 0.443281 0.443281
4574.924805 0.000000 830.086060 0.000000 0.920184 0.000000 -0.391486 0.427616 0.427616 0.427616
4587.575684 0.000000 821.511475 0.000000 0.720159 0.000000 -0.693810 0.458577 0.458577 0.458577
4584.074707 0.000000 823.114197 0.000000 0.775129 0.000000 -0.631803 0.448830 0.448830 0.448830
4563.693848 0.000000 820.117004 0.000000 0.989345 0.000000 -0.145592 0.411162 0.411162 0.411162
4607.423340 0.000000 850.740906 0.000000 0.932821 0.000000 -0.360340 0.428161 0.428161 0.428161
4606.025391 0.000000 850.393738 0.000000 0.908912 0.000000 -0.416989 0.432860 0.432860 0.432860
4653.587891 0.000000 798.553528 0.000000 0.997590 0.000000 -0.069379 0.398671 0.398671 0.398671
4616.404785 0.000000 811.209106 0.000000 0.990718 0.000000 -0.135933 0.409838 0.409838 0.409838
4619.256348 0.000000 843.814575 0.000000 0.930561 0.000000 -0.366138 0.424238 0.424238 0.424238
4676.384766 0.000000 841.553894 0.000000 0.951838 0.000000 -0.306602 0.383661 0.383661 0.383661
4699.698730 0.000000 837.280579 0.000000 0.894405 0.000000 -0.447258 0.399357 0.399357 0.399357
4672.525879 0.000000 828.084351 0.000000 0.990513 0.000000 -0.137421 0.410532 0.410532 0.410532
4697.336426 0.000000 828.779541 0.000000 0.915296 0.000000 -0.402781 0.430324 0.430324 0.430324
4700.266602 0.000000 828.148438 0.000000 0.795458 0.000000 -0.606009 0.444859 0.444859 0.444859
4673.626465 0.000000 845.698608 0.000000 0.943759 0.000000 -0.330634 0.425743 0.425743 0.425743
4684.955566 0.000000 846.645386 0.000000 0.996331 0.000000 -0.085583 0.406482 0.406482 0.406482
4676.166992 0.000000 896.030212 0.000000 0.911715 0.000000 -0.410824 0.399748 0.399748 0.399748
4731.429199 0.000000 872.578247 0.000000 0.789476 0.000000 -0.613782 0.445205 0.445205 0.445205
4726.609375 0.000000 875.114197 0.000000 0.974491 0.000000 -0.224428 0.415880 0.415880 0.415880
4740.948730 0.000000 847.380676 0.000000 0.997269 0.000000 -0.073857 0.349525 0.349525 0.349525
4755.640625 0.000000 872.577393 0.000000 0.859598 0.000000 -0.510971 0.397967 0.397967 0.397967
4744.954590 0.000000 870.983643 0.000000 0.850604 0.000000 -0.525806 0.435385 0.435385 0.435385
4815.354980 0.000000 893.487732 0.000000 0.789778 0.000000 -0.613393 0.450282 0.450282 0.450282
4714.257812 0.000000 906.012451 0.000000 0.769265 0.000000 -0.638929 0.446893 0.446893 0.446893
4714.135254 0.000000 908.249451 0.000000 0.943362 0.000000 -0.331764 0.422373 0.422373 0.422373
4618.378418 0.000000 1028.580078 0.000000 0.998900 0.000000 -0.046901 0.403245 0.403245 0.403245
4616.161133 0.000000 1028.840088 0.000000 0.966601 0.000000 -0.256286 0.417859 0.417859 0.417859
5095.299805 0.000000 950.129456 0.000000 0.990846 0.000000 -0.134995 0.378046 0.378046 0.378046
5098.601562 0.000000 955.598572 0.000000 0.746749 0.000000 -0.665106 0.452136 0.452136 0.452136
5092.813477 0.000000 977.388611 0.000000 0.999364 0.000000 -0.035650 0.402377 0.402377 0.402377
5095.388184 0.000000 978.295166 0.000000 0.762763 0.000000 -0.646678 0.453020 0.453020 0.453020
5115.262207 0.000000 1038.854736 0.000000 0.868779 0.000000 -0.495200 0.434662 0.434662 0.434662
5105.237305 0.000000 1029.925415 0.000000 0.999864 0.000000 -0.016498 0.401096 0.401096 0.401096
5118.038574 0.000000 1040.702026 0.000000 0.928211 0.000000 -0.372053 0.428742 0.428742 0.428742
5102.421387 0.000000 1025.765869 0.000000 0.989121 0.000000 -0.147105 0.410542 0.410542 0.410542
5105.824707 0.000000 1027.204224 0.000000 0.997811 0.000000 -0.066128 0.404940 0.404940 0.404940
5112.630371 0.000000 1126.658081 0.000000 0.983355 0.000000 -0.181693 0.397266 0.397266 0.397266
5114.270996 0.000000 1081.536865 0.000000 0.835353 0.000000 -0.549713 0.423398 0.423398 0.423398
5110.403320 0.000000 1092.888916 0.000000 0.912108 0.000000 -0.409950 0.429843 0.429843 0.429843
4991.509766 0.000000 1279.874756 0.000000 0.919454 0.000000 -0.393198 0.425827 0.425827 0.425827
4171.256348 0.000000 1691.080200 0.000000 0.914189 0.000000 -0.405289 0.429275 0.429275 0.429275
4277.789062 0.000000 1681.490601 0.000000 0.914289 0.000000 -0.405063 0.418767 0.418767 0.418767
4290.311035 0.000000 1674.657959 0.000000 0.949620 0.000000 -0.313403 0.401491 0.401491 0.401491
4343.867676 0.000000 1685.278564 0.000000 0.930932 0.000000 -0.365194 0.403379 0.403379 0.403379
4346.520996 0.000000 1691.959473 0.000000 0.924299 0.000000 -0.381668 0.401834 0.401834 0.401834
4293.351074 0.000000 1676.172852 0.000000 0.719380 0.000000 -0.694617 0.449844 0.449844 0.449844
4298.666016 0.000000 1680.408447 0.000000 0.761244 0.000000 -0.648465 0.453725 0.453725 0.453725
4294.251953 0.000000 1677.187378 0.000000 0.992477 0.000000 -0.122429 0.409376 0.409376 0.409376
4131.666992 0.000000 1731.017456 0.000000 0.993026 0.000000 -0.117892 0.359650 0.359650 0.359650
4159.210449 0.000000 1729.133057 0.000000 0.871286 0.000000 -0.490776 0.435091 0.435091 0.435091
4140.188965 0.000000 1699.552368 0.000000 0.933920 0.000000 -0.357483 0.425372 0.425372 0.425372
4137.033691 0.000000 1735.968018 0.000000 0.948088 0.000000 -0.318008 0.423269 0.423269 0.423269
4169.084961 0.000000 1705.349121 0.000000 0.997247 0.000000 -0.074157 0.392057 0.392057 0.392057
4179.253418 0.000000 1742.117920 0.000000 0.810319 0.000000 -0.585990 0.442985 0.442985 0.442985
4190.716309 0.000000 1740.769287 0.000000 0.990679 0.000000 -0.136219 0.385159 0.385159 0.385159
4175.799805 0.000000 1737.595093 0.000000 0.847068 0.000000 -0.531484 0.441549 0.441549 0.441549
4190.288086 0.000000 1748.993652 0.000000 0.909503 0.000000 -0.415696 0.428684 0.428684 0.428684
4182.444824 0.000000 1746.230103 0.000000 0.834517 0.000000 -0.550982 0.439772 0.439772 0.439772
4168.161133 0.000000 1706.652588 0.000000 0.999618 0.000000 -0.027624 0.402083 0.402083 0.402083
4192.387695 0.000000 1703.824707 0.000000 0.940088 0.000000 -0.340932 0.426578 0.426578 0.426578
4145.237305 0.000000 1764.222290 0.000000 0.999745 0.000000 -0.022603 0.401546 0.401546 0.401546
4222.383301 0.000000 1772.182129 0.000000 0.996564 0.000000 -0.082824 0.406252 0.406252 0.406252
4287.273438 0.000000 1705.922363 0.000000 0.968990 0.000000 -0.247098 0.382885 0.382885 0.382885
4258.454102 0.000000 1735.552490 0.000000 0.809666 0.000000 -0.586892 0.446663 0.446663 0.446663
4294.363770 0.000000 1704.043945 0.000000 0.930613 0.000000 -0.366004 0.416179 0.416179 0.416179
4297.693359 0.000000 1703.593994 0.000000 0.926726 0.000000 -0.375737 0.429427 0.429427 0.429427
4296.131348 0.000000 1703.918945 0.000000 0.928325 0.000000 -0.371769 0.429100 0.429100 0.429100
4331.575684 0.000000 1725.261475 0.000000 0.931758 0.000000 -0.363081 0.428386 0.428386 0.428386
4225.451660 0.000000 1760.408081 0.000000 0.981702 0.000000 -0.190422 0.375050 0.375050 0.375050
4238.979980 0.000000 1775.855835 0.000000 0.977045 0.000000 -0.213032 0.394308 0.394308 0.394308
4238.835449 0.000000 1780.656250 0.000000 0.962129 0.000000 -0.272595 0.419851 0.419851 0.419851
4583.778320 0.000000 1637.397461 0.000000 0.824944 0.000000 -0.565214 0.397293 0.397293 0.397293
4582.646484 0.000000 1670.204102 0.000000 0.813662 0.000000 -0.581339 0.440733 0.440733 0.440733
4593.314941 0.000000 1680.745117 0.000000 0.799972 0.000000 -0.600037 0.444183 0.444183 0.444183
4589.587891 0.000000 1645.819092 0.000000 0.830367 0.000000 -0.557216 0.440725 0.440725 0.440725
4586.135254 0.000000 1642.546387 0.000000 0.992084 0.000000 -0.125573 0.408330 0.408330 0.408330
4410.631836 0.000000 1729.667725 0.000000 0.920210 0.000000 -0.391426 0.390909 0.390909 0.390909
4389.463867 0.000000 1702.136597 0.000000 0.973699 0.000000 -0.227839 0.364932 0.364932 0.364932
4385.641602 0.000000 1712.609863 0.000000 0.792915 0.000000 -0.609333 0.398726 0.398726 0.398726
4387.595703 0.000000 1714.643188 0.000000 0.999997 0.000000 -0.002440 0.400179 0.400179 0.400179
4405.635254 0.000000 1733.053833 0.000000 0.827672 0.000000 -0.561212 0.444330 0.444330 0.444330
4439.339844 0.000000 1726.938721 0.000000 0.882126 0.000000 -0.471013 0.425906 0.425906 0.425906
4450.177734 0.000000 1721.464355 0.000000 0.893142 0.000000 -0.449776 0.412593 0.412593 0.412593
4437.729980 0.000000 1710.121338 0.000000 0.969433 0.000000 -0.245357 0.418690 0.418690 0.418690
4446.348145 0.000000 1724.869629 0.000000 0.813689 0.000000 -0.581300 0.446460 0.446460 0.446460
4479.927246 0.000000 1709.276611 0.000000 0.767326 0.000000 -0.641257 0.451791 0.451791 0.451791
4529.031738 0.000000 1740.869751 0.000000 0.983764 0.000000 -0.179467 0.395939 0.395939 0.395939
4494.469238 0.000000 1713.189819 0.000000 0.717195 0.000000 -0.696873 0.453897 0.453897 0.453897
4592.891113 0.000000 1722.905273 0.000000 0.999999 0.000000 -0.001442 0.400093 0.400093 0.400093
4562.634277 0.000000 1739.799927 0.000000 0.984717 0.000000 -0.174161 0.412718 0.412718 0.412718
4603.962402 0.000000 1733.479614 0.000000 0.965227 0.000000 -0.261415 0.420205 0.420205 0.420205
4591.960449 0.000000 1737.483032 0.000000 0.982720 0.000000 -0.185096 0.414036 0.414036 0.414036
4518.792969 0.000000 1753.827637 0.000000 0.888620 0.000000 -0.458643 0.390902 0.390902 0.390902
4534.302246 0.000000 1765.303101 0.000000 0.959246 0.000000 -0.282573 0.403350 0.403350 0.403350
4517.374023 0.000000 1756.982178 0.000000 0.924426 0.000000 -0.381361 0.429402 0.429402 0.429402
4550.363770 0.000000 1760.528320 0.000000 0.829881 0.000000 -0.557940 0.399541 0.399541 0.399541
4546.209961 0.000000 1761.790405 0.000000 0.861615 0.000000 -0.507563 0.440669 0.440669 0.440669
4545.598145 0.000000 1754.581421 0.000000 0.882019 0.000000 -0.471213 0.437484 0.437484 0.437484
4555.583984 0.000000 1754.573242 0.000000 0.992063 0.000000 -0.125742 0.409631 0.409631 0.409631
4858.631836 0.000000 1560.214600 0.000000 0.896976 0.000000 -0.442079 0.396441 0.396441 0.396441
4857.001953 0.000000 1560.510132 0.000000 0.989132 0.000000 -0.147029 0.410057 0.410057 0.410057
4858.082520 0.000000 1529.302612 0.000000 0.851650 0.000000 -0.524111 0.436360 0.436360 0.436360
4832.131348 0.000000 1530.197510 0.000000 0.997412 0.000000 -0.071895 0.405497 0.405497 0.405497
4848.056641 0.000000 1576.284912 0.000000 0.907339 0.000000 -0.420401 0.433147 0.433147 0.433147
4936.173828 0.000000 1377.891357 0.000000 0.994447 0.000000 -0.105237 0.364847 0.364847 0.364847
4957.096680 0.000000 1356.021240 0.000000 0.998696 0.000000 -0.051052 0.392974 0.392974 0.392974
4983.696777 0.000000 1421.395264 0.000000 0.814245 0.000000 -0.580521 0.445770 0.445770 0.445770
4866.575684 0.000000 1566.205200 0.000000 0.767715 0.000000 -0.640792 0.386953 0.386953 0.386953
4866.657715 0.000000 1569.840454 0.000000 0.976183 0.000000 -0.216951 0.416379 0.416379 0.416379
4869.854492 0.000000 1559.831299 0.000000 0.996423 0.000000 -0.084507 0.406464 0.406464 0.406464
5012.094727 0.000000 1483.994629 0.000000 0.794174 0.000000 -0.607691 0.375434 0.375434 0.375434
5032.567383 0.000000 1503.277100 0.000000 0.716336 0.000000 -0.697755 0.439033 0.439033 0.439033
5018.692383 0.000000 1481.044678 0.000000 0.998053 0.000000 -0.062379 0.404535 0.404535 0.404535
4663.044922 0.000000 1620.650879 0.000000 0.997806 0.000000 -0.066204 0.364066 0.364066 0.364066
4641.478516 0.000000 1611.583984 0.000000 0.846371 0.000000 -0.532594 0.442908 0.442908 0.442908
4683.616211 0.000000 1610.903687 0.000000 0.757743 0.000000 -0.652553 0.433894 0.433894 0.433894
4701.291016 0.000000 1623.905029 0.000000 0.985462 0.000000 -0.169895 0.375171 0.375171 0.375171
4711.039551 0.000000 1621.724121 0.000000 0.894435 0.000000 -0.447197 0.428197 0.428197 0.428197
4620.080078 0.000000 1669.335693 0.000000 0.978272 0.000000 -0.207323 0.402418 0.402418 0.402418
4671.169434 0.000000 1654.924561 0.000000 0.927389 0.000000 -0.374099 0.425750 0.425750 0.425750
4670.383301 0.000000 1659.213379 0.000000 0.908334 0.000000 -0.418246 0.430057 0.430057 0.430057
4669.240234 0.000000 1652.078125 0.000000 0.980593 0.000000 -0.196055 0.413942 0.413942 0.413942
4669.039062 0.000000 1656.388062 0.000000 0.999795 0.000000 -0.020225 0.401540 0.401540 0.401540
4697.706543 0.000000 1651.686279 0.000000 0.979755 0.000000 -0.200198 0.370769 0.370769 0.370769
4692.832520 0.000000 1650.626465 0.000000 0.995820 0.000000 -0.091342 0.352617 0.352617 0.352617
4694.077637 0.000000 1655.221558 0.000000 0.990884 0.000000 -0.134715 0.409547 0.409547 0.409547
4691.894531 0.000000 1645.818604 0.000000 0.995587 0.000000 -0.093846 0.370066 0.370066 0.370066
4705.365723 0.000000 1648.221680 0.000000 0.923862 0.000000 -0.382725 0.430003 0.430003 0.430003
4713.650879 0.000000 1647.333618 0.000000 0.806961 0.000000 -0.590605 0.448267 0.448267 0.448267
4732.727539 0.000000 1640.541382 0.000000 0.727439 0.000000 -0.686172 0.415208 0.415208 0.415208
4703.005371 0.000000 1672.951538 0.000000 0.836056 0.000000 -0.548644 0.392237 0.392237 0.392237
4691.236816 0.000000 1649.369995 0.000000 0.948542 0.000000 -0.316652 0.406697 0.406697 0.406697
4672.597656 0.000000 1658.514160 0.000000 0.729207 0.000000 -0.684293 0.417907 0.417907 0.417907
4705.680176 0.000000 1693.874634 0.000000 0.784199 0.000000 -0.620509 0.434190 0.434190 0.434190
4672.043457 0.000000 1662.297974 0.000000 0.843810 0.000000 -0.536642 0.440304 0.440304 0.440304
4728.412109 0.000000 1693.093018 0.000000 0.998936 0.000000 -0.046121 0.403525 0.403525 0.403525
4678.595703 0.000000 1664.045898 0.000000 0.992882 0.000000 -0.119100 0.409061 0.409061 0.409061
4685.322266 0.000000 1642.643677 0.000000 0.855381 0.000000 -0.517999 0.439966 0.439966 0.439966
4678.267578 0.000000 1662.486938 0.000000 0.953575 0.000000 -0.301154 0.422224 0.422224 0.422224
4691.521973 0.000000 1669.822510 0.000000 0.957823 0.000000 -0.287359 0.422267 0.422267 0.422267
4705.739258 0.000000 1640.570923 0.000000 0.971353 0.000000 -0.237641 0.418330 0.418330 0.418330
4673.993652 0.000000 1661.496948 0.000000 0.938050 0.000000 -0.346499 0.426059 0.426059 0.426059
4845.311035 0.000000 1615.912354 0.000000 0.989231 0.000000 -0.146361 0.375122 0.375122 0.375122
4835.104004 0.000000 1590.104614 0.000000 0.971570 0.000000 -0.236751 0.373836 0.373836 0.373836
4838.078125 0.000000 1623.192139 0.000000 0.891949 0.000000 -0.452137 0.431039 0.431039 0.431039
4848.927734 0.000000 1626.578491 0.000000 0.990355 0.000000 -0.138551 0.410619 0.410619 0.410619
4840.301758 0.000000 1621.879272 0.000000 0.973107 0.000000 -0.230354 0.417757 0.417757 0.417757
4742.363770 0.000000 1647.559570 0.000000 0.967582 0.000000 -0.252558 0.381962 0.381962 0.381962
4799.825195 0.000000 1651.299561 0.000000 0.771218 0.000000 -0.636571 0.428414 0.428414 0.428414
4743.434570 0.000000 1648.790405 0.000000 0.747392 0.000000 -0.664384 0.447168 0.447168 0.447168
4774.078125 0.000000 1679.676514 0.000000 0.995525 0.000000 -0.094494 0.406733 0.406733 0.406733
4770.837891 0.000000 1686.138306 0.000000 0.914997 0.000000 -0.403460 0.431726 0.431726 0.431726
4767.750977 0.000000 1644.629883 0.000000 0.835852 0.000000 -0.548954 0.439751 0.439751 0.439751
4789.096191 0.000000 1663.115356 0.000000 0.920601 0.000000 -0.390505 0.429146 0.429146 0.429146
4756.561035 0.000000 1688.812256 0.000000 0.832666 0.000000 -0.553776 0.444835 0.444835 0.444835
4802.944824 0.000000 1655.442871 0.000000 0.835290 0.000000 -0.549810 0.403075 0.403075 0.403075
4854.255859 0.000000 1646.806885 0.000000 0.718340 0.000000 -0.695692 0.435977 0.435977 0.435977
4827.673340 0.000000 1690.820190 0.000000 0.972423 0.000000 -0.233225 0.383346 0.383346 0.383346
4856.246582 0.000000 1640.903809 0.000000 0.976985 0.000000 -0.213307 0.377447 0.377447 0.377447
4842.439941 0.000000 1650.270752 0.000000 0.956316 0.000000 -0.292335 0.422219 0.422219 0.422219
4831.967773 0.000000 1656.246582 0.000000 0.741513 0.000000 -0.670939 0.456186 0.456186 0.456186
4838.707031 0.000000 1646.604126 0.000000 0.991465 0.000000 -0.130375 0.409727 0.409727 0.409727
4819.521973 0.000000 1669.822510 0.000000 0.976905 0.000000 -0.213673 0.415214 0.415214 0.415214
4640.449219 0.000000 1720.526611 0.000000 0.853743 0.000000 -0.520695 0.364135 0.364135 0.364135
4642.111328 0.000000 1726.146484 0.000000 0.849671 0.000000 -0.527314 0.388300 0.388300 0.388300
4623.736328 0.000000 1725.292480 0.000000 0.920946 0.000000 -0.389689 0.426783 0.426783 0.426783
4639.443848 0.000000 1732.642578 0.000000 0.709888 0.000000 -0.704314 0.459699 0.459699 0.459699
4733.252441 0.000000 1704.957642 0.000000 0.872844 0.000000 -0.487999 0.393934 0.393934 0.393934
4774.385742 0.000000 1711.376221 0.000000 0.966359 0.000000 -0.257195 0.365146 0.365146 0.365146
4754.461914 0.000000 1711.111938 0.000000 0.789722 0.000000 -0.613465 0.450454 0.450454 0.450454
4741.475098 0.000000 1702.807495 0.000000 0.999970 0.000000 -0.007783 0.400595 0.400595 0.400595
4838.792969 0.000000 1697.343262 0.000000 0.778941 0.000000 -0.627098 0.412349 0.412349 0.412349
4834.757812 0.000000 1699.993286 0.000000 0.875959 0.000000 -0.482386 0.438455 0.438455 0.438455
4866.335449 0.000000 1669.276855 0.000000 0.784655 0.000000 -0.619933 0.446574 0.446574 0.446574
4875.761719 0.000000 1662.456543 0.000000 0.998184 0.000000 -0.060238 0.404424 0.404424 0.404424
4934.912598 0.000000 1638.048462 0.000000 0.997561 0.000000 -0.069798 0.404656 0.404656 0.404656
5170.318359 0.000000 960.440247 0.000000 0.712686 0.000000 -0.701483 0.372609 0.372609 0.372609
5167.663086 0.000000 970.246277 0.000000 0.937189 0.000000 -0.348822 0.407444 0.407444 0.407444
5179.981445 0.000000 1015.453613 0.000000 0.825399 0.000000 -0.564549 0.386463 0.386463 0.386463
5183.976562 0.000000 1010.849792 0.000000 0.936382 0.000000 -0.350982 0.373529 0.373529 0.373529
5170.709961 0.000000 974.324219 0.000000 0.976898 0.000000 -0.213708 0.389519 0.389519 0.389519
5149.264648 0.000000 1007.015564 0.000000 0.844495 0.000000 -0.535563 0.439225 0.439225 0.439225
5176.427734 0.000000 1068.589722 0.000000 0.935801 0.000000 -0.352529 0.423475 0.423475 0.423475
5147.159668 0.000000 1070.847290 0.000000 0.999839 0.000000 -0.017968 0.401261 0.401261 0.401261
5178.873047 0.000000 1032.467651 0.000000 0.922083 0.000000 -0.386993 0.430357 0.430357 0.430357
5196.919922 0.000000 1066.754517 0.000000 0.999779 0.000000 -0.021012 0.401359 0.401359 0.401359
5196.970703 0.000000 1063.704590 0.000000 0.955865 0.000000 -0.293805 0.420324 0.420324 0.420324
5168.647949 0.000000 1113.678833 0.000000 0.978575 0.000000 -0.205890 0.371057 0.371057 0.371057
5143.599609 0.000000 1127.758301 0.000000 0.966285 0.000000 -0.257474 0.417163 0.417163 0.417163
5180.013184 0.000000 1144.552246 0.000000 0.952501 0.000000 -0.304535 0.383548 0.383548 0.383548
5183.273438 0.000000 1141.078613 0.000000 0.939750 0.000000 -0.341863 0.408274 0.408274 0.408274
5234.750488 0.000000 1170.240723 0.000000 0.976933 0.000000 -0.213544 0.388303 0.388303 0.388303
5213.325684 0.000000 1134.162476 0.000000 0.788074 0.000000 -0.615580 0.445030 0.445030 0.445030
5213.055664 0.000000 1135.701294 0.000000 0.716714 0.000000 -0.697367 0.452404 0.452404 0.452404
5188.081543 0.000000 1149.657349 0.000000 0.952879 0.000000 -0.303349 0.423237 0.423237 0.423237
5217.099609 0.000000 1220.121582 0.000000 0.878605 0.000000 -0.477549 0.415743 0.415743 0.415743
5208.535645 0.000000 1202.526855 0.000000 0.808951 0.000000 -0.587876 0.441262 0.441262 0.441262
5217.433594 0.000000 1221.975464 0.000000 0.763397 0.000000 -0.645929 0.427725 0.427725 0.427725
5205.729980 0.000000 1201.761963 0.000000 0.952063 0.000000 -0.305903 0.420723 0.420723 0.420723
"}
object={
	name="baobab_generator_1_3"
	clamp_to_water_level=no
	render_under_water=no
	generated_content=yes
	layer="semidynamic"
	pdxmesh="tree_baobab_04_mesh"
	count=201
	transform="4567.724609 0.000000 817.910706 0.000000 0.404681 0.000000 -0.914458 0.488172 0.488172 0.488172
4646.824707 0.000000 796.019165 0.000000 0.065218 0.000000 -0.997871 0.435367 0.435367 0.435367
4645.802246 0.000000 809.058105 0.000000 0.333991 0.000000 -0.942576 0.487842 0.487842 0.487842
4671.883789 0.000000 829.520813 0.000000 0.189334 0.000000 -0.981913 0.505448 0.505448 0.505448
4616.616211 0.000000 808.024902 0.000000 0.070855 0.000000 -0.997487 0.513834 0.513834 0.513834
4670.499512 0.000000 820.169800 0.000000 0.100904 0.000000 -0.994896 0.512278 0.512278 0.512278
4648.166504 0.000000 803.387390 0.000000 0.395116 0.000000 -0.918631 0.488969 0.488969 0.488969
4701.264648 0.000000 837.562439 0.000000 0.162574 0.000000 -0.986696 0.503660 0.503660 0.503660
4683.568848 0.000000 846.734558 0.000000 0.555080 0.000000 -0.831797 0.469404 0.469404 0.469404
4683.761719 0.000000 815.190918 0.000000 0.012969 0.000000 -0.999916 0.512009 0.512009 0.512009
4672.421387 0.000000 834.304382 0.000000 0.282870 0.000000 -0.959158 0.498091 0.498091 0.498091
4675.094727 0.000000 845.565430 0.000000 0.305609 0.000000 -0.952157 0.496274 0.496274 0.496274
4699.430664 0.000000 831.415894 0.000000 0.182100 0.000000 -0.983280 0.504971 0.504971 0.504971
4708.170898 0.000000 845.177856 0.000000 0.331021 0.000000 -0.943624 0.494226 0.494226 0.494226
4694.782715 0.000000 854.568970 0.000000 0.135281 0.000000 -0.990807 0.441901 0.441901 0.441901
4722.317871 0.000000 851.718750 0.000000 0.597279 0.000000 -0.802034 0.442622 0.442622 0.442622
4719.105469 0.000000 850.826965 0.000000 0.537204 0.000000 -0.843452 0.464898 0.464898 0.464898
4746.329590 0.000000 871.970215 0.000000 0.150341 0.000000 -0.988634 0.434446 0.434446 0.434446
4739.093750 0.000000 877.335632 0.000000 0.305554 0.000000 -0.952175 0.493761 0.493761 0.493761
4741.529297 0.000000 850.755554 0.000000 0.174549 0.000000 -0.984648 0.506597 0.506597 0.506597
4814.755859 0.000000 856.713684 0.000000 0.666629 0.000000 -0.745390 0.464257 0.464257 0.464257
4719.105469 0.000000 907.311340 0.000000 0.123815 0.000000 -0.992305 0.499321 0.499321 0.499321
4709.265137 0.000000 923.413513 0.000000 0.503487 0.000000 -0.864003 0.467452 0.467452 0.467452
4719.029785 0.000000 917.993530 0.000000 0.165418 0.000000 -0.986224 0.493278 0.493278 0.493278
4671.697754 0.000000 1004.958496 0.000000 0.306905 0.000000 -0.951740 0.427948 0.427948 0.427948
4651.071777 0.000000 970.812866 0.000000 0.035162 0.000000 -0.999382 0.473084 0.473084 0.473084
4610.681152 0.000000 982.452942 0.000000 0.656780 0.000000 -0.754082 0.446968 0.446968 0.446968
4643.619629 0.000000 1002.141235 0.000000 0.590027 0.000000 -0.807384 0.452227 0.452227 0.452227
4608.043457 0.000000 984.485413 0.000000 0.522803 0.000000 -0.852453 0.477973 0.477973 0.477973
4620.241699 0.000000 962.499207 0.000000 0.502095 0.000000 -0.864812 0.473816 0.473816 0.473816
4608.049316 0.000000 985.931885 0.000000 0.051815 0.000000 -0.998657 0.516040 0.516040 0.516040
4809.525391 0.000000 925.797729 0.000000 0.484747 0.000000 -0.874654 0.481339 0.481339 0.481339
4803.095703 0.000000 975.684509 0.000000 0.110559 0.000000 -0.993870 0.497321 0.497321 0.497321
4616.131348 0.000000 1026.106445 0.000000 0.036083 0.000000 -0.999349 0.509197 0.509197 0.509197
5106.516602 0.000000 1032.750244 0.000000 0.099239 0.000000 -0.995064 0.512406 0.512406 0.512406
5104.943848 0.000000 1028.307251 0.000000 0.362032 0.000000 -0.932166 0.479713 0.479713 0.479713
5100.051758 0.000000 1105.297485 0.000000 0.391758 0.000000 -0.920068 0.443880 0.443880 0.443880
4967.382324 0.000000 1276.274780 0.000000 0.492070 0.000000 -0.870556 0.469358 0.469358 0.469358
4948.440918 0.000000 1298.162842 0.000000 0.469430 0.000000 -0.882970 0.479158 0.479158 0.479158
4961.062500 0.000000 1351.214600 0.000000 0.444055 0.000000 -0.896000 0.398945 0.398945 0.398945
4941.139648 0.000000 1342.685303 0.000000 0.266630 0.000000 -0.963799 0.454568 0.454568 0.454568
4981.101074 0.000000 1344.466187 0.000000 0.376433 0.000000 -0.926444 0.435259 0.435259 0.435259
4972.311035 0.000000 1312.729858 0.000000 0.297981 0.000000 -0.954572 0.496885 0.496885 0.496885
4281.129395 0.000000 1676.865479 0.000000 0.621715 0.000000 -0.783243 0.434845 0.434845 0.434845
4286.499512 0.000000 1667.435425 0.000000 0.665274 0.000000 -0.746600 0.464396 0.464396 0.464396
4329.967773 0.000000 1667.864746 0.000000 0.621425 0.000000 -0.783474 0.403920 0.403920 0.403920
4345.384766 0.000000 1694.298584 0.000000 0.529318 0.000000 -0.848424 0.406461 0.406461 0.406461
4331.601562 0.000000 1690.946899 0.000000 0.324893 0.000000 -0.945751 0.478934 0.478934 0.478934
4316.838379 0.000000 1663.114258 0.000000 0.609065 0.000000 -0.793120 0.435766 0.435766 0.435766
4290.627930 0.000000 1666.754028 0.000000 0.652583 0.000000 -0.757718 0.425209 0.425209 0.425209
4347.305664 0.000000 1687.825928 0.000000 0.248654 0.000000 -0.968592 0.475600 0.475600 0.475600
4290.335449 0.000000 1669.276855 0.000000 0.002255 0.000000 -0.999997 0.508472 0.508472 0.508472
4292.140625 0.000000 1679.614746 0.000000 0.032693 0.000000 -0.999465 0.517502 0.517502 0.517502
4290.875977 0.000000 1670.633667 0.000000 0.705464 0.000000 -0.708746 0.457621 0.457621 0.457621
4159.509766 0.000000 1731.749756 0.000000 0.676572 0.000000 -0.736376 0.460132 0.460132 0.460132
4136.284180 0.000000 1732.997803 0.000000 0.433257 0.000000 -0.901271 0.473995 0.473995 0.473995
4133.577148 0.000000 1742.699829 0.000000 0.246818 0.000000 -0.969062 0.495999 0.495999 0.495999
4182.981445 0.000000 1722.755859 0.000000 0.664118 0.000000 -0.747628 0.461773 0.461773 0.461773
4196.813477 0.000000 1711.685425 0.000000 0.405501 0.000000 -0.914095 0.480617 0.480617 0.480617
4154.028320 0.000000 1764.114258 0.000000 0.391099 0.000000 -0.920349 0.393887 0.393887 0.393887
4146.709961 0.000000 1765.105469 0.000000 0.165429 0.000000 -0.986222 0.493628 0.493628 0.493628
4173.487793 0.000000 1761.032349 0.000000 0.344716 0.000000 -0.938707 0.432285 0.432285 0.432285
4177.288086 0.000000 1756.096924 0.000000 0.177640 0.000000 -0.984096 0.495582 0.495582 0.495582
4222.321777 0.000000 1769.347778 0.000000 0.098117 0.000000 -0.995175 0.508081 0.508081 0.508081
4256.032227 0.000000 1731.469116 0.000000 0.428066 0.000000 -0.903747 0.364962 0.364962 0.364962
4269.585449 0.000000 1704.964355 0.000000 0.118094 0.000000 -0.993002 0.471706 0.471706 0.471706
4277.096191 0.000000 1719.599731 0.000000 0.615455 0.000000 -0.788172 0.468447 0.468447 0.468447
4255.443848 0.000000 1732.642578 0.000000 0.611095 0.000000 -0.791557 0.469319 0.469319 0.469319
4230.028809 0.000000 1773.945190 0.000000 0.526601 0.000000 -0.850112 0.436927 0.436927 0.436927
4224.043457 0.000000 1775.266724 0.000000 0.157693 0.000000 -0.987488 0.507550 0.507550 0.507550
4242.172363 0.000000 1776.162964 0.000000 0.203468 0.000000 -0.979082 0.502642 0.502642 0.502642
4606.913574 0.000000 1627.601074 0.000000 0.418877 0.000000 -0.908043 0.486697 0.486697 0.486697
4606.147949 0.000000 1626.517212 0.000000 0.170650 0.000000 -0.985332 0.506550 0.506550 0.506550
4589.585449 0.000000 1648.479980 0.000000 0.621475 0.000000 -0.783434 0.467869 0.467869 0.467869
4580.749023 0.000000 1647.416382 0.000000 0.500229 0.000000 -0.865893 0.460388 0.460388 0.460388
4578.554688 0.000000 1647.760986 0.000000 0.257877 0.000000 -0.966178 0.500075 0.500075 0.500075
4360.173828 0.000000 1716.797607 0.000000 0.544927 0.000000 -0.838484 0.413048 0.413048 0.413048
4386.087402 0.000000 1719.586426 0.000000 0.535116 0.000000 -0.844779 0.465310 0.465310 0.465310
4384.594727 0.000000 1714.169678 0.000000 0.176641 0.000000 -0.984275 0.498087 0.498087 0.498087
4412.112793 0.000000 1730.206299 0.000000 0.086023 0.000000 -0.996293 0.510084 0.510084 0.510084
4479.825195 0.000000 1707.783936 0.000000 0.560831 0.000000 -0.827930 0.437665 0.437665 0.437665
4450.375977 0.000000 1710.973999 0.000000 0.093056 0.000000 -0.995661 0.490566 0.490566 0.490566
4436.433105 0.000000 1711.545776 0.000000 0.023830 0.000000 -0.999716 0.516635 0.516635 0.516635
4421.431641 0.000000 1705.307861 0.000000 0.468857 0.000000 -0.883274 0.473799 0.473799 0.473799
4489.084961 0.000000 1705.349121 0.000000 0.513527 0.000000 -0.858073 0.454770 0.454770 0.454770
4523.765137 0.000000 1723.815552 0.000000 0.589630 0.000000 -0.807673 0.463376 0.463376 0.463376
4532.122559 0.000000 1732.196411 0.000000 0.508878 0.000000 -0.860839 0.475849 0.475849 0.475849
4543.974609 0.000000 1726.062622 0.000000 0.624456 0.000000 -0.781060 0.466463 0.466463 0.466463
4587.659668 0.000000 1730.710938 0.000000 0.445652 0.000000 -0.895206 0.474747 0.474747 0.474747
4607.163574 0.000000 1727.205811 0.000000 0.550447 0.000000 -0.834870 0.412717 0.412717 0.412717
4594.103516 0.000000 1742.864136 0.000000 0.506868 0.000000 -0.862024 0.470312 0.470312 0.470312
4586.281250 0.000000 1736.743042 0.000000 0.663147 0.000000 -0.748489 0.431741 0.431741 0.431741
4587.311523 0.000000 1719.679077 0.000000 0.078768 0.000000 -0.996893 0.491467 0.491467 0.491467
4607.116211 0.000000 1714.281006 0.000000 0.664823 0.000000 -0.747001 0.464442 0.464442 0.464442
4544.016113 0.000000 1759.668213 0.000000 0.131517 0.000000 -0.991314 0.497351 0.497351 0.497351
4552.364746 0.000000 1751.472412 0.000000 0.050248 0.000000 -0.998737 0.516160 0.516160 0.516160
4553.352539 0.000000 1752.625244 0.000000 0.133332 0.000000 -0.991071 0.509784 0.509784 0.509784
4842.009766 0.000000 1523.530396 0.000000 0.277349 0.000000 -0.960769 0.389710 0.389710 0.389710
4856.639160 0.000000 1530.050415 0.000000 0.135961 0.000000 -0.990714 0.496689 0.496689 0.496689
4859.739258 0.000000 1529.584717 0.000000 0.334699 0.000000 -0.942325 0.481036 0.481036 0.481036
4831.632324 0.000000 1535.746948 0.000000 0.638099 0.000000 -0.769954 0.446987 0.446987 0.446987
4834.937012 0.000000 1526.862793 0.000000 0.089079 0.000000 -0.996025 0.490817 0.490817 0.490817
4828.436523 0.000000 1541.681030 0.000000 0.474920 0.000000 -0.880029 0.480851 0.480851 0.480851
4940.112305 0.000000 1370.531738 0.000000 0.021378 0.000000 -0.999771 0.408823 0.408823 0.408823
4983.122559 0.000000 1417.252197 0.000000 0.350075 0.000000 -0.936722 0.492677 0.492677 0.492677
5001.808105 0.000000 1453.276489 0.000000 0.529058 0.000000 -0.848586 0.427618 0.427618 0.427618
5031.382324 0.000000 1502.212280 0.000000 0.633660 0.000000 -0.773611 0.460506 0.460506 0.460506
4639.888672 0.000000 1603.106812 0.000000 0.329633 0.000000 -0.944109 0.426733 0.426733 0.426733
4630.981445 0.000000 1609.787109 0.000000 0.095399 0.000000 -0.995439 0.485184 0.485184 0.485184
4703.334473 0.000000 1622.547974 0.000000 0.334527 0.000000 -0.942386 0.376416 0.376416 0.376416
4676.957520 0.000000 1621.409546 0.000000 0.058883 0.000000 -0.998265 0.394005 0.394005 0.394005
4699.203125 0.000000 1620.880249 0.000000 0.298106 0.000000 -0.954533 0.485794 0.485794 0.485794
4699.443848 0.000000 1613.827515 0.000000 0.449698 0.000000 -0.893181 0.449727 0.449727 0.449727
4686.835449 0.000000 1611.203125 0.000000 0.638774 0.000000 -0.769394 0.465970 0.465970 0.465970
4640.607910 0.000000 1677.137573 0.000000 0.583942 0.000000 -0.811795 0.422570 0.422570 0.422570
4669.294434 0.000000 1653.562256 0.000000 0.179624 0.000000 -0.983735 0.498220 0.498220 0.498220
4671.116211 0.000000 1657.796631 0.000000 0.391689 0.000000 -0.920098 0.486920 0.486920 0.486920
4735.958008 0.000000 1658.945923 0.000000 0.209071 0.000000 -0.977900 0.399027 0.399027 0.399027
4700.838379 0.000000 1663.114258 0.000000 0.653801 0.000000 -0.756667 0.433924 0.433924 0.433924
4707.217285 0.000000 1648.885376 0.000000 0.241673 0.000000 -0.970358 0.492079 0.492079 0.492079
4724.393066 0.000000 1660.440430 0.000000 0.477020 0.000000 -0.878893 0.469951 0.469951 0.469951
4722.516602 0.000000 1654.078369 0.000000 0.361619 0.000000 -0.932326 0.476445 0.476445 0.476445
4715.071777 0.000000 1648.625366 0.000000 0.207600 0.000000 -0.978214 0.471435 0.471435 0.471435
4690.362793 0.000000 1670.683472 0.000000 0.344428 0.000000 -0.938813 0.483702 0.483702 0.483702
4717.839355 0.000000 1664.732666 0.000000 0.075676 0.000000 -0.997132 0.496671 0.496671 0.496671
4705.853027 0.000000 1649.811646 0.000000 0.152407 0.000000 -0.988318 0.508311 0.508311 0.508311
4709.508789 0.000000 1653.435181 0.000000 0.356701 0.000000 -0.934219 0.492136 0.492136 0.492136
4695.560547 0.000000 1655.572754 0.000000 0.512546 0.000000 -0.858660 0.472959 0.472959 0.472959
4712.166504 0.000000 1650.652954 0.000000 0.336626 0.000000 -0.941638 0.493771 0.493771 0.493771
4729.671875 0.000000 1692.918213 0.000000 0.222897 0.000000 -0.974842 0.502828 0.502828 0.502828
4782.671387 0.000000 1628.016968 0.000000 0.003374 0.000000 -0.999994 0.503307 0.503307 0.503307
4819.991699 0.000000 1614.790039 0.000000 0.445711 0.000000 -0.895177 0.392779 0.392779 0.392779
4846.782227 0.000000 1623.626587 0.000000 0.592263 0.000000 -0.805745 0.436973 0.436973 0.436973
4850.750488 0.000000 1622.115723 0.000000 0.438045 0.000000 -0.898953 0.431656 0.431656 0.431656
4828.899902 0.000000 1633.111206 0.000000 0.636528 0.000000 -0.771253 0.462011 0.462011 0.462011
4839.382324 0.000000 1615.181030 0.000000 0.560131 0.000000 -0.828404 0.470924 0.470924 0.470924
4822.025391 0.000000 1623.856567 0.000000 0.664780 0.000000 -0.747039 0.456443 0.456443 0.456443
4850.908203 0.000000 1620.328369 0.000000 0.045698 0.000000 -0.998955 0.511177 0.511177 0.511177
4834.757812 0.000000 1587.024536 0.000000 0.272473 0.000000 -0.962163 0.498918 0.498918 0.498918
4829.685059 0.000000 1616.317139 0.000000 0.445262 0.000000 -0.895400 0.484747 0.484747 0.484747
4742.070312 0.000000 1645.086792 0.000000 0.419608 0.000000 -0.907706 0.420256 0.420256 0.420256
4771.182129 0.000000 1644.813232 0.000000 0.317542 0.000000 -0.948244 0.495314 0.495314 0.495314
4736.233887 0.000000 1651.490112 0.000000 0.394651 0.000000 -0.918831 0.477082 0.477082 0.477082
4771.595703 0.000000 1658.158813 0.000000 0.605509 0.000000 -0.795838 0.459973 0.459973 0.459973
4806.057129 0.000000 1682.984619 0.000000 0.438034 0.000000 -0.898958 0.405369 0.405369 0.405369
4853.566895 0.000000 1650.509155 0.000000 0.118268 0.000000 -0.992982 0.437750 0.437750 0.437750
4817.493164 0.000000 1682.019653 0.000000 0.397959 0.000000 -0.917403 0.449863 0.449863 0.449863
4808.076660 0.000000 1682.100220 0.000000 0.011957 0.000000 -0.999929 0.486779 0.486779 0.486779
4800.369629 0.000000 1648.948730 0.000000 0.170758 0.000000 -0.985313 0.500254 0.500254 0.500254
4830.394531 0.000000 1656.093140 0.000000 0.119483 0.000000 -0.992836 0.510850 0.510850 0.510850
4828.286133 0.000000 1659.732422 0.000000 0.255096 0.000000 -0.966916 0.499967 0.499967 0.499967
4833.762207 0.000000 1659.944702 0.000000 0.359094 0.000000 -0.933302 0.490438 0.490438 0.490438
4854.252441 0.000000 1640.601440 0.000000 0.541886 0.000000 -0.840452 0.476250 0.476250 0.476250
4840.696289 0.000000 1648.294434 0.000000 0.513787 0.000000 -0.857918 0.478778 0.478778 0.478778
4664.065918 0.000000 1719.893799 0.000000 0.314139 0.000000 -0.949377 0.361908 0.361908 0.361908
4642.857422 0.000000 1723.660156 0.000000 0.212367 0.000000 -0.977190 0.416603 0.416603 0.416603
4637.422852 0.000000 1733.083130 0.000000 0.488640 0.000000 -0.872486 0.386148 0.386148 0.386148
4666.504395 0.000000 1718.290161 0.000000 0.119826 0.000000 -0.992795 0.416049 0.416049 0.416049
4666.637207 0.000000 1721.464966 0.000000 0.696634 0.000000 -0.717427 0.408983 0.408983 0.408983
4668.013184 0.000000 1709.395996 0.000000 0.150595 0.000000 -0.988596 0.421196 0.421196 0.421196
4668.727539 0.000000 1697.025757 0.000000 0.624297 0.000000 -0.781187 0.416922 0.416922 0.416922
4638.394531 0.000000 1712.577515 0.000000 0.555888 0.000000 -0.831257 0.472276 0.472276 0.472276
4691.894531 0.000000 1702.302979 0.000000 0.359207 0.000000 -0.933258 0.449050 0.449050 0.449050
4734.905762 0.000000 1700.341553 0.000000 0.364167 0.000000 -0.931333 0.490628 0.490628 0.490628
4733.505859 0.000000 1702.607666 0.000000 0.136304 0.000000 -0.990667 0.509555 0.509555 0.509555
4755.894531 0.000000 1702.302979 0.000000 0.120968 0.000000 -0.992656 0.444332 0.444332 0.444332
4755.935547 0.000000 1704.289673 0.000000 0.589315 0.000000 -0.807903 0.471855 0.471855 0.471855
4807.408691 0.000000 1712.368774 0.000000 0.327292 0.000000 -0.944923 0.415738 0.415738 0.415738
4803.913086 0.000000 1705.467773 0.000000 0.343023 0.000000 -0.939327 0.411787 0.411787 0.411787
4816.985352 0.000000 1716.707031 0.000000 0.296107 0.000000 -0.955155 0.481497 0.481497 0.481497
4930.026855 0.000000 1630.188721 0.000000 0.629563 0.000000 -0.776949 0.407783 0.407783 0.407783
4868.679688 0.000000 1690.661865 0.000000 0.438129 0.000000 -0.898912 0.453638 0.453638 0.453638
4962.111328 0.000000 1726.146484 0.000000 0.558099 0.000000 -0.829775 0.406289 0.406289 0.406289
5154.111328 0.000000 935.365173 0.000000 0.102426 0.000000 -0.994741 0.455491 0.455491 0.455491
5122.069824 0.000000 928.571655 0.000000 0.232812 0.000000 -0.972522 0.446616 0.446616 0.446616
5120.049316 0.000000 929.447510 0.000000 0.252953 0.000000 -0.967479 0.496196 0.496196 0.496196
5154.015137 0.000000 980.729919 0.000000 0.513163 0.000000 -0.858291 0.439348 0.439348 0.439348
5165.942871 0.000000 982.175232 0.000000 0.424484 0.000000 -0.905435 0.430894 0.430894 0.430894
5154.508301 0.000000 1006.800110 0.000000 0.613683 0.000000 -0.789553 0.422065 0.422065 0.422065
5180.104492 0.000000 1013.888123 0.000000 0.673974 0.000000 -0.738755 0.463501 0.463501 0.463501
5144.351074 0.000000 1068.849121 0.000000 0.337590 0.000000 -0.941293 0.493693 0.493693 0.493693
5192.859375 0.000000 1054.205811 0.000000 0.335145 0.000000 -0.942167 0.473311 0.473311 0.473311
5193.995605 0.000000 1065.559692 0.000000 0.189425 0.000000 -0.981895 0.497516 0.497516 0.497516
5142.249023 0.000000 1129.570312 0.000000 0.506666 0.000000 -0.862142 0.479411 0.479411 0.479411
5147.159668 0.000000 1127.331665 0.000000 0.420106 0.000000 -0.907475 0.486878 0.486878 0.486878
5152.052246 0.000000 1073.225342 0.000000 0.623326 0.000000 -0.781962 0.466570 0.466570 0.466570
5209.349609 0.000000 1093.153809 0.000000 0.430759 0.000000 -0.902467 0.485979 0.485979 0.485979
5208.136230 0.000000 1093.617310 0.000000 0.219872 0.000000 -0.975529 0.503065 0.503065 0.503065
5199.272949 0.000000 1151.606079 0.000000 0.537944 0.000000 -0.842981 0.355903 0.355903 0.355903
5225.204590 0.000000 1166.248901 0.000000 0.609458 0.000000 -0.792818 0.378484 0.378484 0.378484
5230.880859 0.000000 1180.223145 0.000000 0.092899 0.000000 -0.995676 0.452603 0.452603 0.452603
5211.739258 0.000000 1173.310913 0.000000 0.301395 0.000000 -0.953499 0.447630 0.447630 0.447630
5193.525391 0.000000 1151.735229 0.000000 0.250828 0.000000 -0.968032 0.500631 0.500631 0.500631
5200.399414 0.000000 1157.408203 0.000000 0.609058 0.000000 -0.793126 0.469971 0.469971 0.469971
5186.058594 0.000000 1148.126831 0.000000 0.079727 0.000000 -0.996817 0.513903 0.513903 0.513903
5187.455566 0.000000 1148.368652 0.000000 0.063602 0.000000 -0.997975 0.515138 0.515138 0.515138
5190.218750 0.000000 1148.761597 0.000000 0.233969 0.000000 -0.972244 0.501959 0.501959 0.501959
5225.676758 0.000000 1204.238892 0.000000 0.107525 0.000000 -0.994202 0.410014 0.410014 0.410014
5228.442383 0.000000 1192.684692 0.000000 0.476647 0.000000 -0.879095 0.481776 0.481776 0.481776
5203.704102 0.000000 1199.936157 0.000000 0.219862 0.000000 -0.975531 0.492624 0.492624 0.492624
5192.993164 0.000000 1189.298584 0.000000 0.011411 0.000000 -0.999935 0.500441 0.500441 0.500441
"}
