object={
	name="cypress_mediterranean_sparse_generator_1_0"
	clamp_to_water_level=no
	render_under_water=no
	generated_content=yes
	layer="semidynamic"
	pdxmesh="tree_cypress_mediterranean_02_mesh"
	count=493
	transform="3967.586426 0.000000 2482.262695 0.000000 0.731868 0.000000 0.681446 0.207625 0.207625 0.207625
3977.203857 0.000000 2408.044434 0.000000 0.300779 0.000000 0.953694 0.191597 0.191597 0.191597
4029.612061 0.000000 2411.103516 0.000000 0.325192 0.000000 0.945648 0.262956 0.262956 0.262956
3980.526855 0.000000 2395.389648 0.000000 0.186880 0.000000 0.982383 0.201485 0.201485 0.201485
3988.984863 0.000000 2409.541748 0.000000 0.914651 0.000000 0.404245 0.250694 0.250694 0.250694
4002.111328 0.000000 2403.958984 0.000000 0.783019 0.000000 0.621997 0.243950 0.243950 0.243950
4022.158936 0.000000 2404.403564 0.000000 0.862411 0.000000 -0.506209 0.238001 0.238001 0.238001
3991.935547 0.000000 2409.398926 0.000000 0.834291 0.000000 0.551325 0.241813 0.241813 0.241813
4004.550293 0.000000 2403.137695 0.000000 0.320850 0.000000 0.947130 0.229883 0.229883 0.229883
4031.163330 0.000000 2405.018311 0.000000 0.649274 0.000000 0.760554 0.235041 0.235041 0.235041
3999.330566 0.000000 2404.764893 0.000000 0.976567 0.000000 0.215215 0.239413 0.239413 0.239413
4001.987305 0.000000 2409.957520 0.000000 0.697782 0.000000 0.716310 0.268034 0.268034 0.268034
4021.007812 0.000000 2413.494141 0.000000 0.043860 0.000000 0.999038 0.257732 0.257732 0.257732
3992.332764 0.000000 2407.548096 0.000000 0.998104 0.000000 0.061550 0.259448 0.259448 0.259448
4073.260742 0.000000 2416.565918 0.000000 0.808912 0.000000 0.587930 0.200119 0.200119 0.200119
4033.017578 0.000000 2399.036865 0.000000 0.492502 0.000000 0.870311 0.227914 0.227914 0.227914
4041.063721 0.000000 2402.805664 0.000000 0.930052 0.000000 -0.367428 0.202611 0.202611 0.202611
4036.763672 0.000000 2408.535889 0.000000 0.840972 0.000000 0.541078 0.259852 0.259852 0.259852
4043.406250 0.000000 2405.414551 0.000000 0.161001 0.000000 0.986954 0.274724 0.274724 0.274724
4038.724365 0.000000 2405.851318 0.000000 0.995399 0.000000 -0.095816 0.262000 0.262000 0.262000
4071.591309 0.000000 2414.179688 0.000000 0.668363 0.000000 0.743835 0.216758 0.216758 0.216758
4034.310791 0.000000 2408.954834 0.000000 0.998591 0.000000 0.053071 0.247855 0.247855 0.247855
4070.962158 0.000000 2416.523682 0.000000 0.717851 0.000000 0.696196 0.285750 0.285750 0.285750
4069.294678 0.000000 2417.299805 0.000000 0.817407 0.000000 0.576060 0.288930 0.288930 0.288930
4042.416504 0.000000 2404.027832 0.000000 0.978481 0.000000 0.206338 0.296272 0.296272 0.296272
4047.974609 0.000000 2405.903564 0.000000 0.360061 0.000000 0.932929 0.268805 0.268805 0.268805
3968.255127 0.000000 2475.968994 0.000000 0.223311 0.000000 0.974747 0.190728 0.190728 0.190728
4019.456055 0.000000 2479.116455 0.000000 0.408506 0.000000 0.912756 0.193219 0.193219 0.193219
3993.505615 0.000000 2482.599854 0.000000 0.998546 0.000000 0.053910 0.298998 0.298998 0.298998
4001.947754 0.000000 2478.301758 0.000000 0.816658 0.000000 -0.577122 0.237055 0.237055 0.237055
3989.503174 0.000000 2477.147217 0.000000 0.927313 0.000000 -0.374287 0.212798 0.212798 0.212798
3971.510986 0.000000 2475.756104 0.000000 0.856414 0.000000 -0.516290 0.244009 0.244009 0.244009
3985.722656 0.000000 2481.005371 0.000000 0.915164 0.000000 -0.403082 0.249680 0.249680 0.249680
3996.380127 0.000000 2483.678467 0.000000 0.862691 0.000000 0.505732 0.222224 0.222224 0.222224
3987.443848 0.000000 2478.747803 0.000000 0.736242 0.000000 0.676719 0.223367 0.223367 0.223367
3982.650879 0.000000 2479.168945 0.000000 0.947249 0.000000 -0.320499 0.253909 0.253909 0.253909
3999.328613 0.000000 2479.149902 0.000000 0.938594 0.000000 -0.345025 0.233928 0.233928 0.233928
3970.026611 0.000000 2477.454346 0.000000 0.999069 0.000000 -0.043131 0.243324 0.243324 0.243324
3995.673340 0.000000 2481.601562 0.000000 0.937242 0.000000 0.348679 0.293838 0.293838 0.293838
3972.166992 0.000000 2477.592773 0.000000 0.999251 0.000000 -0.038688 0.257337 0.257337 0.257337
4052.968506 0.000000 2480.953125 0.000000 0.999859 0.000000 -0.016795 0.200112 0.200112 0.200112
4062.236816 0.000000 2481.357910 0.000000 0.829352 0.000000 0.558726 0.244343 0.244343 0.244343
4066.932617 0.000000 2482.905029 0.000000 0.999772 0.000000 0.021347 0.201808 0.201808 0.201808
4062.060547 0.000000 2476.982910 0.000000 0.966604 0.000000 -0.256273 0.234752 0.234752 0.234752
4083.402588 0.000000 2482.795410 0.000000 0.909744 0.000000 0.415170 0.204302 0.204302 0.204302
4063.328613 0.000000 2479.149902 0.000000 0.988858 0.000000 0.148864 0.262751 0.262751 0.262751
4055.348877 0.000000 2481.826660 0.000000 0.811597 0.000000 -0.584217 0.243073 0.243073 0.243073
4059.673340 0.000000 2481.601562 0.000000 0.899586 0.000000 -0.436743 0.281208 0.281208 0.281208
4070.792969 0.000000 2431.640137 0.000000 0.009182 0.000000 0.999958 0.236798 0.236798 0.236798
4077.143311 0.000000 2429.130371 0.000000 0.969770 0.000000 -0.244022 0.258733 0.258733 0.258733
4056.641113 0.000000 2484.552734 0.000000 0.967520 0.000000 -0.252793 0.268050 0.268050 0.268050
4057.618408 0.000000 2480.505371 0.000000 0.998648 0.000000 0.051988 0.278507 0.278507 0.278507
4074.257812 0.000000 2431.090576 0.000000 0.068372 0.000000 0.997660 0.271982 0.271982 0.271982
4076.016846 0.000000 2430.576660 0.000000 0.859165 0.000000 0.511698 0.290023 0.290023 0.290023
4077.430908 0.000000 2432.879883 0.000000 0.531431 0.000000 0.847102 0.276741 0.276741 0.276741
4076.189209 0.000000 2433.849365 0.000000 0.538586 0.000000 0.842571 0.276880 0.276880 0.276880
3965.292725 0.000000 2497.871582 0.000000 0.891919 0.000000 -0.452196 0.282043 0.282043 0.282043
3962.511719 0.000000 2505.822510 0.000000 0.863111 0.000000 0.505014 0.196418 0.196418 0.196418
3958.173828 0.000000 2491.496826 0.000000 0.866403 0.000000 0.499346 0.201436 0.201436 0.201436
3965.524170 0.000000 2502.382324 0.000000 0.993917 0.000000 -0.110129 0.229332 0.229332 0.229332
3966.270020 0.000000 2489.743896 0.000000 0.578191 0.000000 0.815902 0.227957 0.227957 0.227957
3952.647949 0.000000 2525.788330 0.000000 0.995103 0.000000 0.098848 0.235683 0.235683 0.235683
3951.868652 0.000000 2533.723389 0.000000 0.545729 0.000000 0.837962 0.214334 0.214334 0.214334
3948.376709 0.000000 2531.580078 0.000000 0.098211 0.000000 0.995166 0.214403 0.214403 0.214403
3922.190674 0.000000 2494.834717 0.000000 0.832590 0.000000 0.553889 0.236504 0.236504 0.236504
3919.197021 0.000000 2496.945312 0.000000 0.837941 0.000000 -0.545761 0.244962 0.244962 0.244962
3937.491699 0.000000 2491.207764 0.000000 0.993675 0.000000 0.112291 0.223903 0.223903 0.223903
3957.633789 0.000000 2522.369629 0.000000 0.941112 0.000000 0.338096 0.273122 0.273122 0.273122
3950.782471 0.000000 2527.376709 0.000000 0.921893 0.000000 -0.387446 0.246581 0.246581 0.246581
3967.273682 0.000000 2496.703613 0.000000 0.970022 0.000000 -0.243018 0.289221 0.289221 0.289221
3950.671387 0.000000 2531.767090 0.000000 0.975825 0.000000 0.218554 0.274392 0.274392 0.274392
3953.315186 0.000000 2528.010742 0.000000 0.623794 0.000000 0.781589 0.264062 0.264062 0.264062
3949.585205 0.000000 2495.745605 0.000000 0.369704 0.000000 0.929150 0.260283 0.260283 0.260283
3954.750244 0.000000 2525.865723 0.000000 0.857215 0.000000 -0.514959 0.281283 0.281283 0.281283
3967.824951 0.000000 2498.565186 0.000000 0.960373 0.000000 -0.278719 0.283427 0.283427 0.283427
3950.908691 0.000000 2496.621826 0.000000 0.667836 0.000000 0.744308 0.285444 0.285444 0.285444
4017.272949 0.000000 2518.937500 0.000000 0.976240 0.000000 0.216691 0.198577 0.198577 0.198577
3999.825928 0.000000 2493.434814 0.000000 0.918079 0.000000 0.396398 0.255623 0.255623 0.255623
3968.098633 0.000000 2492.261475 0.000000 0.999378 0.000000 -0.035257 0.203899 0.203899 0.203899
3974.330566 0.000000 2497.409424 0.000000 0.963487 0.000000 -0.267754 0.285570 0.285570 0.285570
3989.668701 0.000000 2495.101318 0.000000 0.998151 0.000000 -0.060778 0.240134 0.240134 0.240134
4012.376709 0.000000 2531.580078 0.000000 0.986032 0.000000 -0.166555 0.210542 0.210542 0.210542
3972.957520 0.000000 2525.159668 0.000000 0.995520 0.000000 -0.094551 0.225794 0.225794 0.225794
4023.060791 0.000000 2526.912109 0.000000 0.523862 0.000000 0.851803 0.204408 0.204408 0.204408
3974.508057 0.000000 2537.403564 0.000000 0.671164 0.000000 0.741309 0.210569 0.210569 0.210569
3977.084717 0.000000 2496.130371 0.000000 0.998370 0.000000 -0.057069 0.266017 0.266017 0.266017
3968.042236 0.000000 2485.319824 0.000000 0.295249 0.000000 0.955420 0.222716 0.222716 0.222716
3998.608887 0.000000 2490.852051 0.000000 0.420524 0.000000 0.907281 0.225573 0.225573 0.225573
3993.706787 0.000000 2498.951904 0.000000 0.869179 0.000000 -0.494497 0.241983 0.241983 0.241983
3988.832764 0.000000 2497.892090 0.000000 0.888430 0.000000 0.459012 0.289694 0.289694 0.289694
3974.363770 0.000000 2494.825195 0.000000 0.819040 0.000000 0.573737 0.259847 0.259847 0.259847
4030.994385 0.000000 2532.936279 0.000000 0.999970 0.000000 -0.007765 0.243502 0.243502 0.243502
4023.044922 0.000000 2524.400879 0.000000 0.886188 0.000000 0.463326 0.246705 0.246705 0.246705
3987.237061 0.000000 2496.635498 0.000000 0.997538 0.000000 -0.070125 0.301272 0.301272 0.301272
4021.007812 0.000000 2526.462891 0.000000 0.587324 0.000000 0.809352 0.252366 0.252366 0.252366
4026.520996 0.000000 2539.225098 0.000000 0.829079 0.000000 0.559132 0.249595 0.249595 0.249595
3977.693359 0.000000 2494.375244 0.000000 0.062517 0.000000 0.998044 0.272494 0.272494 0.272494
4029.535889 0.000000 2539.488037 0.000000 0.756072 0.000000 0.654489 0.269804 0.269804 0.269804
4030.675049 0.000000 2537.063721 0.000000 0.903237 0.000000 -0.429143 0.307033 0.307033 0.307033
3987.935547 0.000000 2495.071045 0.000000 0.950272 0.000000 0.311420 0.291865 0.291865 0.291865
4031.025635 0.000000 2534.677734 0.000000 0.528544 0.000000 0.848906 0.279631 0.279631 0.279631
3976.131592 0.000000 2494.700195 0.000000 0.098540 0.000000 0.995133 0.273153 0.273153 0.273153
3989.918945 0.000000 2496.819824 0.000000 0.111840 0.000000 0.993726 0.273090 0.273090 0.273090
4053.705078 0.000000 2512.180176 0.000000 0.969134 0.000000 -0.246536 0.237521 0.237521 0.237521
4047.130859 0.000000 2524.684326 0.000000 0.861900 0.000000 -0.507079 0.206353 0.206353 0.206353
4063.825928 0.000000 2493.434814 0.000000 0.796563 0.000000 0.604555 0.223221 0.223221 0.223221
4058.073975 0.000000 2515.828857 0.000000 0.867580 0.000000 0.497298 0.200917 0.200917 0.200917
4068.276123 0.000000 2518.559326 0.000000 0.414292 0.000000 0.910144 0.199359 0.199359 0.199359
4049.256836 0.000000 2520.027344 0.000000 0.977137 0.000000 -0.212612 0.253760 0.253760 0.253760
4053.208252 0.000000 2525.191650 0.000000 0.896524 0.000000 -0.442994 0.203185 0.203185 0.203185
4086.173828 0.000000 2491.496826 0.000000 0.778155 0.000000 0.628072 0.196039 0.196039 0.196039
4061.020508 0.000000 2498.142822 0.000000 0.760816 0.000000 0.648967 0.209557 0.209557 0.209557
4060.431641 0.000000 2492.820312 0.000000 0.980856 0.000000 0.194733 0.215986 0.215986 0.215986
4050.230469 0.000000 2523.348145 0.000000 0.876563 0.000000 0.481287 0.214462 0.214462 0.214462
4054.628418 0.000000 2515.339600 0.000000 0.516061 0.000000 0.856552 0.270058 0.270058 0.270058
4076.194824 0.000000 2497.389893 0.000000 0.300327 0.000000 0.953836 0.204924 0.204924 0.204924
4051.991699 0.000000 2518.540039 0.000000 0.998092 0.000000 0.061737 0.230494 0.230494 0.230494
4065.448975 0.000000 2508.609375 0.000000 0.576369 0.000000 0.817190 0.268190 0.268190 0.268190
4056.795410 0.000000 2513.224609 0.000000 0.999199 0.000000 0.040013 0.225681 0.225681 0.225681
4057.706787 0.000000 2498.951904 0.000000 0.864862 0.000000 -0.502010 0.226209 0.226209 0.226209
4070.469482 0.000000 2511.906494 0.000000 0.938576 0.000000 0.345071 0.227678 0.227678 0.227678
4052.984863 0.000000 2522.510498 0.000000 0.372361 0.000000 0.928088 0.223544 0.223544 0.223544
4070.824463 0.000000 2490.550293 0.000000 0.071693 0.000000 0.997427 0.214634 0.214634 0.214634
4075.690186 0.000000 2488.876465 0.000000 0.879171 0.000000 -0.476507 0.308835 0.308835 0.308835
4046.389404 0.000000 2518.697266 0.000000 0.995819 0.000000 0.091345 0.236870 0.236870 0.236870
4055.935547 0.000000 2522.367676 0.000000 0.969656 0.000000 -0.244473 0.233486 0.233486 0.233486
4046.033691 0.000000 2491.203369 0.000000 0.996570 0.000000 0.082755 0.280272 0.280272 0.280272
4063.330566 0.000000 2517.733643 0.000000 0.343398 0.000000 0.939190 0.249225 0.249225 0.249225
4072.647949 0.000000 2486.639160 0.000000 0.764984 0.000000 0.644050 0.255032 0.255032 0.255032
4068.916016 0.000000 2513.375000 0.000000 0.691225 0.000000 0.722640 0.284999 0.284999 0.284999
4052.822021 0.000000 2516.423584 0.000000 0.999655 0.000000 0.026259 0.252072 0.252072 0.252072
4037.572266 0.000000 2532.243408 0.000000 0.974220 0.000000 -0.225602 0.251050 0.251050 0.251050
4036.166992 0.000000 2534.077148 0.000000 0.979045 0.000000 -0.203644 0.261664 0.261664 0.261664
4047.800049 0.000000 2528.376221 0.000000 0.996365 0.000000 0.085186 0.260259 0.260259 0.260259
4062.946045 0.000000 2513.776367 0.000000 0.969124 0.000000 0.246575 0.295279 0.295279 0.295279
4047.854980 0.000000 2491.842285 0.000000 0.982422 0.000000 -0.186673 0.284324 0.284324 0.284324
4072.256592 0.000000 2502.160156 0.000000 0.355602 0.000000 0.934638 0.254255 0.254255 0.254255
4056.422119 0.000000 2515.012695 0.000000 0.826945 0.000000 0.562283 0.267877 0.267877 0.267877
4066.087158 0.000000 2510.367676 0.000000 0.608829 0.000000 0.793302 0.282639 0.282639 0.282639
4057.034668 0.000000 2517.259033 0.000000 0.321815 0.000000 0.946803 0.278027 0.278027 0.278027
4069.967529 0.000000 2510.209717 0.000000 0.368601 0.000000 0.929588 0.277433 0.277433 0.277433
4072.687744 0.000000 2507.813232 0.000000 0.305209 0.000000 0.952285 0.277954 0.277954 0.277954
4074.135254 0.000000 2489.812012 0.000000 0.542680 0.000000 0.839939 0.282262 0.282262 0.282262
4072.469727 0.000000 2504.577637 0.000000 0.856723 0.000000 0.515776 0.290442 0.290442 0.290442
4035.051514 0.000000 2535.165039 0.000000 0.771493 0.000000 0.636238 0.288043 0.288043 0.288043
4052.841797 0.000000 2519.878662 0.000000 0.702473 0.000000 0.711710 0.276263 0.276263 0.276263
4055.838623 0.000000 2516.336182 0.000000 0.961651 0.000000 -0.274275 0.305140 0.305140 0.305140
4054.696289 0.000000 2521.627197 0.000000 0.841159 0.000000 0.540788 0.289965 0.289965 0.289965
4062.348145 0.000000 2515.650879 0.000000 0.758678 0.000000 0.651466 0.286662 0.286662 0.286662
4069.085938 0.000000 2511.683350 0.000000 0.462017 0.000000 0.886871 0.279377 0.279377 0.279377
7141.098633 0.000000 890.136597 0.000000 0.963702 0.000000 -0.266979 0.203323 0.203323 0.203323
7145.656250 0.000000 887.375366 0.000000 0.995247 0.000000 0.097378 0.209598 0.209598 0.209598
7143.591309 0.000000 889.101685 0.000000 0.829432 0.000000 0.558607 0.235387 0.235387 0.235387
7150.782227 0.000000 889.329773 0.000000 0.728625 0.000000 0.684913 0.228982 0.228982 0.228982
7153.314941 0.000000 889.963867 0.000000 0.152816 0.000000 0.988255 0.229924 0.229924 0.229924
7157.789062 0.000000 890.709412 0.000000 0.397631 0.000000 0.917545 0.227304 0.227304 0.227304
7154.216309 0.000000 891.810425 0.000000 0.843729 0.000000 -0.536769 0.310291 0.310291 0.310291
7157.007812 0.000000 888.416016 0.000000 0.944769 0.000000 -0.327736 0.260373 0.260373 0.260373
7155.824219 0.000000 891.600098 0.000000 0.909819 0.000000 0.415005 0.292227 0.292227 0.292227
7213.943359 0.000000 680.167419 0.000000 0.676067 0.000000 0.736840 0.194333 0.194333 0.194333
7214.042969 0.000000 683.667175 0.000000 0.901343 0.000000 -0.433106 0.212719 0.212719 0.212719
7241.641113 0.000000 731.000366 0.000000 0.621273 0.000000 0.783594 0.284051 0.284051 0.284051
7239.437500 0.000000 732.856140 0.000000 0.356982 0.000000 0.934111 0.211930 0.211930 0.211930
7247.197266 0.000000 745.929626 0.000000 0.803149 0.000000 0.595778 0.236475 0.236475 0.236475
7248.278320 0.000000 747.852661 0.000000 0.690065 0.000000 0.723748 0.247464 0.247464 0.247464
7267.666992 0.000000 827.267456 0.000000 0.857174 0.000000 0.515026 0.222123 0.222123 0.222123
7251.991699 0.000000 824.008728 0.000000 0.640190 0.000000 0.768217 0.222601 0.222601 0.222601
7271.299805 0.000000 837.160706 0.000000 0.963328 0.000000 0.268327 0.217532 0.217532 0.217532
7239.408691 0.000000 808.618774 0.000000 0.830262 0.000000 -0.557373 0.294555 0.294555 0.294555
7249.436523 0.000000 814.650269 0.000000 0.289440 0.000000 0.957196 0.218220 0.218220 0.218220
7266.111328 0.000000 822.396423 0.000000 0.992445 0.000000 -0.122688 0.302349 0.302349 0.302349
7237.141602 0.000000 816.287476 0.000000 0.564578 0.000000 0.825379 0.221173 0.221173 0.221173
7247.228516 0.000000 817.793396 0.000000 0.910363 0.000000 0.413810 0.291852 0.291852 0.291852
7238.936035 0.000000 794.357056 0.000000 0.465374 0.000000 0.885114 0.253449 0.253449 0.253449
7266.967773 0.000000 825.523926 0.000000 0.478642 0.000000 0.878010 0.252168 0.252168 0.252168
7268.099609 0.000000 829.099060 0.000000 0.997486 0.000000 -0.070867 0.275232 0.275232 0.275232
7269.294434 0.000000 835.737366 0.000000 0.991359 0.000000 0.131173 0.262432 0.262432 0.262432
7239.620605 0.000000 797.010498 0.000000 0.865789 0.000000 0.500409 0.290501 0.290501 0.290501
7266.559570 0.000000 823.986755 0.000000 0.394154 0.000000 0.919044 0.277738 0.277738 0.277738
7267.506348 0.000000 822.651367 0.000000 0.836750 0.000000 -0.547585 0.311067 0.311067 0.311067
7272.832520 0.000000 850.766785 0.000000 0.959634 0.000000 -0.281252 0.201843 0.201843 0.201843
7270.824707 0.000000 852.503540 0.000000 0.952530 0.000000 -0.304444 0.247360 0.247360 0.247360
7272.756348 0.000000 852.732117 0.000000 0.834691 0.000000 -0.550719 0.289645 0.289645 0.289645
7273.963379 0.000000 854.794922 0.000000 0.335200 0.000000 0.942147 0.265515 0.265515 0.265515
7340.062988 0.000000 799.770386 0.000000 0.992413 0.000000 -0.122948 0.200825 0.200825 0.200825
7336.015625 0.000000 798.409851 0.000000 0.907198 0.000000 0.420705 0.264360 0.264360 0.264360
7338.835938 0.000000 796.787537 0.000000 0.388965 0.000000 0.921252 0.279472 0.279472 0.279472
7302.057129 0.000000 835.718994 0.000000 0.996082 0.000000 0.088433 0.250783 0.250783 0.250783
7326.608887 0.000000 796.320923 0.000000 0.880800 0.000000 -0.473488 0.252309 0.252309 0.252309
7336.756348 0.000000 796.247742 0.000000 0.914678 0.000000 -0.404182 0.268394 0.268394 0.268394
7326.725586 0.000000 794.373840 0.000000 0.784709 0.000000 0.619864 0.246068 0.246068 0.246068
7308.080078 0.000000 822.070068 0.000000 0.270827 0.000000 0.962628 0.275238 0.275238 0.275238
7337.963379 0.000000 798.310547 0.000000 0.077518 0.000000 0.996991 0.249852 0.249852 0.249852
7309.021484 0.000000 823.410278 0.000000 0.456553 0.000000 0.889696 0.279055 0.279055 0.279055
7316.832520 0.000000 859.845276 0.000000 0.953894 0.000000 -0.300145 0.258284 0.258284 0.258284
7315.236816 0.000000 858.588684 0.000000 0.702114 0.000000 0.712065 0.264557 0.264557 0.264557
7315.704102 0.000000 861.029846 0.000000 0.997799 0.000000 0.066304 0.298827 0.298827 0.298827
7151.882812 0.000000 908.773682 0.000000 0.971256 0.000000 -0.238035 0.304590 0.304590 0.304590
7157.071289 0.000000 908.491272 0.000000 0.896463 0.000000 -0.443118 0.296061 0.296061 0.296061
7151.546387 0.000000 910.097412 0.000000 0.914028 0.000000 0.405651 0.292085 0.292085 0.292085
6720.254883 0.000000 1515.734619 0.000000 0.981029 0.000000 0.193859 0.199461 0.199461 0.199461
6736.971680 0.000000 1517.770752 0.000000 0.964362 0.000000 0.264587 0.201140 0.201140 0.201140
6739.443848 0.000000 1518.513550 0.000000 0.362543 0.000000 0.931967 0.211983 0.211983 0.211983
6735.590332 0.000000 1520.690186 0.000000 0.401952 0.000000 0.915661 0.279893 0.279893 0.279893
6736.905273 0.000000 1522.493164 0.000000 0.032292 0.000000 0.999478 0.242238 0.242238 0.242238
7182.007324 0.000000 934.640198 0.000000 0.378221 0.000000 0.925715 0.193998 0.193998 0.193998
7174.724121 0.000000 937.257507 0.000000 0.999406 0.000000 -0.034454 0.212882 0.212882 0.212882
7187.640625 0.000000 929.061768 0.000000 0.980050 0.000000 -0.198753 0.265607 0.265607 0.265607
7187.362793 0.000000 931.737854 0.000000 0.003425 0.000000 0.999994 0.247910 0.247910 0.247910
7181.872070 0.000000 932.152466 0.000000 0.342065 0.000000 0.939676 0.224700 0.224700 0.224700
7176.722168 0.000000 936.269104 0.000000 0.164094 0.000000 0.986445 0.259997 0.259997 0.259997
7180.080078 0.000000 935.038818 0.000000 0.921658 0.000000 -0.388004 0.288650 0.288650 0.288650
7176.280273 0.000000 937.980957 0.000000 0.883200 0.000000 0.468997 0.273676 0.273676 0.273676
7185.688477 0.000000 931.976807 0.000000 0.999961 0.000000 0.008804 0.299845 0.299845 0.299845
7444.569336 0.000000 909.136475 0.000000 0.829672 0.000000 -0.558252 0.203874 0.203874 0.203874
7439.870117 0.000000 940.572876 0.000000 0.960996 0.000000 0.276561 0.239280 0.239280 0.239280
7443.894531 0.000000 911.521790 0.000000 0.213125 0.000000 0.977025 0.232058 0.232058 0.232058
7456.330078 0.000000 958.047424 0.000000 0.789977 0.000000 0.613137 0.227848 0.227848 0.227848
7465.563477 0.000000 986.725403 0.000000 0.908160 0.000000 -0.418623 0.241110 0.241110 0.241110
7473.519043 0.000000 966.564026 0.000000 0.053905 0.000000 0.998546 0.189813 0.189813 0.189813
7455.826172 0.000000 968.356750 0.000000 0.999062 0.000000 0.043306 0.216164 0.216164 0.216164
7468.083496 0.000000 980.295349 0.000000 0.961396 0.000000 -0.275167 0.304812 0.304812 0.304812
7471.145508 0.000000 978.382202 0.000000 0.986913 0.000000 0.161255 0.250473 0.250473 0.250473
7466.288574 0.000000 983.382202 0.000000 0.875736 0.000000 -0.482790 0.282537 0.282537 0.282537
7453.958984 0.000000 970.434692 0.000000 0.932293 0.000000 -0.361704 0.258487 0.258487 0.258487
7462.469727 0.000000 986.828430 0.000000 0.997576 0.000000 0.069584 0.298670 0.298670 0.298670
7469.942871 0.000000 982.175232 0.000000 0.964702 0.000000 0.263345 0.220311 0.220311 0.220311
7448.077637 0.000000 969.630859 0.000000 0.019801 0.000000 0.999804 0.249525 0.249525 0.249525
7473.687988 0.000000 969.186951 0.000000 0.549731 0.000000 0.835342 0.238213 0.238213 0.238213
7450.165527 0.000000 968.492126 0.000000 0.968393 0.000000 -0.249431 0.304588 0.304588 0.304588
7460.682129 0.000000 984.023743 0.000000 0.768214 0.000000 0.640193 0.269051 0.269051 0.269051
7467.960938 0.000000 982.336609 0.000000 0.998214 0.000000 -0.059734 0.276203 0.276203 0.276203
7454.725586 0.000000 963.826965 0.000000 0.997424 0.000000 -0.071724 0.257742 0.257742 0.257742
7448.512695 0.000000 967.967285 0.000000 0.934844 0.000000 -0.355059 0.306470 0.306470 0.306470
7469.531250 0.000000 978.627502 0.000000 0.455318 0.000000 0.890329 0.266541 0.266541 0.266541
7466.712402 0.000000 981.452820 0.000000 0.788576 0.000000 0.614938 0.288318 0.288318 0.288318
7461.085938 0.000000 986.605286 0.000000 0.999466 0.000000 -0.032663 0.300613 0.300613 0.300613
7456.052246 0.000000 960.256653 0.000000 0.828376 0.000000 0.560172 0.288644 0.288644 0.288644
4844.062988 0.000000 2211.879639 0.000000 0.938510 0.000000 -0.345253 0.202420 0.202420 0.202420
4848.647949 0.000000 2243.366455 0.000000 0.964308 0.000000 -0.264782 0.227375 0.227375 0.227375
4829.422852 0.000000 2241.442383 0.000000 0.308882 0.000000 0.951100 0.253573 0.253573 0.253573
4858.631836 0.000000 2238.027100 0.000000 0.466913 0.000000 0.884304 0.206928 0.206928 0.206928
4830.952637 0.000000 2222.402832 0.000000 0.870069 0.000000 0.492931 0.214882 0.214882 0.214882
4859.000977 0.000000 2240.691650 0.000000 0.864048 0.000000 0.503410 0.287790 0.287790 0.287790
4838.385742 0.000000 2219.735596 0.000000 0.936258 0.000000 0.351312 0.273991 0.273991 0.273991
4828.928223 0.000000 2220.770752 0.000000 0.853647 0.000000 -0.520852 0.309950 0.309950 0.309950
4843.659668 0.000000 2239.070312 0.000000 0.925497 0.000000 0.378754 0.293134 0.293134 0.293134
4855.044922 0.000000 2241.979004 0.000000 0.016647 0.000000 0.999861 0.272879 0.272879 0.272879
4828.944336 0.000000 2238.758057 0.000000 0.534010 0.000000 0.845478 0.281212 0.281212 0.281212
4841.650879 0.000000 2212.177246 0.000000 0.964679 0.000000 0.263428 0.255231 0.255231 0.255231
4842.678223 0.000000 2241.065674 0.000000 0.417199 0.000000 0.908815 0.263468 0.263468 0.263468
4827.528320 0.000000 2237.429932 0.000000 0.864957 0.000000 0.501846 0.243536 0.243536 0.243536
4840.567383 0.000000 2237.573975 0.000000 0.988347 0.000000 0.152218 0.267113 0.267113 0.267113
4824.332520 0.000000 2238.094971 0.000000 0.343304 0.000000 0.939224 0.278548 0.278548 0.278548
4839.147461 0.000000 2239.793945 0.000000 0.848319 0.000000 0.529485 0.289782 0.289782 0.289782
4849.324707 0.000000 2238.487793 0.000000 0.844849 0.000000 -0.535005 0.309851 0.309851 0.309851
4841.262207 0.000000 2216.228271 0.000000 0.492262 0.000000 0.870447 0.270612 0.270612 0.270612
4840.256348 0.000000 2219.738281 0.000000 0.625831 0.000000 0.779959 0.258557 0.258557 0.258557
4824.422363 0.000000 2232.590820 0.000000 0.933036 0.000000 0.359784 0.292985 0.292985 0.292985
4826.057129 0.000000 2238.353760 0.000000 0.743551 0.000000 0.668679 0.286999 0.286999 0.286999
4839.089844 0.000000 2218.203857 0.000000 0.908587 0.000000 0.417695 0.272933 0.272933 0.272933
4839.382324 0.000000 2236.509033 0.000000 0.231340 0.000000 0.972873 0.276262 0.276262 0.276262
4925.248047 0.000000 2135.923828 0.000000 0.937848 0.000000 -0.347045 0.202433 0.202433 0.202433
4925.507812 0.000000 2139.698730 0.000000 0.962669 0.000000 0.270680 0.208212 0.208212 0.208212
4893.530273 0.000000 2173.698730 0.000000 0.934461 0.000000 -0.356066 0.212068 0.212068 0.212068
4886.478027 0.000000 2237.783936 0.000000 0.237238 0.000000 0.971452 0.191226 0.191226 0.191226
4900.045898 0.000000 2208.165527 0.000000 0.972440 0.000000 0.233154 0.198627 0.198627 0.198627
4912.023926 0.000000 2255.425537 0.000000 0.999637 0.000000 0.026931 0.212947 0.212947 0.212947
4894.953613 0.000000 2259.143066 0.000000 0.971285 0.000000 -0.237920 0.212250 0.212250 0.212250
4892.380371 0.000000 2257.740967 0.000000 0.177278 0.000000 0.984161 0.217595 0.217595 0.217595
4876.083496 0.000000 2248.404541 0.000000 0.997849 0.000000 0.065554 0.273302 0.273302 0.273302
4878.604980 0.000000 2250.467529 0.000000 0.830362 0.000000 0.557224 0.217946 0.217946 0.217946
4884.436035 0.000000 2245.162598 0.000000 0.983186 0.000000 0.182608 0.296534 0.296534 0.296534
4891.203125 0.000000 2242.208252 0.000000 0.952207 0.000000 0.305454 0.270382 0.270382 0.270382
4910.880859 0.000000 2253.426270 0.000000 0.812159 0.000000 -0.583437 0.246627 0.246627 0.246627
4877.139648 0.000000 2246.435303 0.000000 0.827441 0.000000 0.561553 0.254283 0.254283 0.254283
4888.887695 0.000000 2244.490723 0.000000 0.982854 0.000000 0.184388 0.296458 0.296458 0.296458
4891.739258 0.000000 2246.513916 0.000000 0.842577 0.000000 0.538577 0.245152 0.245152 0.245152
4886.604004 0.000000 2241.420166 0.000000 0.197194 0.000000 0.980365 0.237654 0.237654 0.237654
4885.101562 0.000000 2249.341553 0.000000 0.982810 0.000000 0.184620 0.284761 0.284761 0.284761
4885.917480 0.000000 2247.152832 0.000000 0.833514 0.000000 0.552498 0.276925 0.276925 0.276925
4864.850586 0.000000 2243.455322 0.000000 0.868241 0.000000 0.496143 0.276899 0.276899 0.276899
4876.970703 0.000000 2249.876465 0.000000 0.990233 0.000000 -0.139424 0.276207 0.276207 0.276207
4897.519531 0.000000 2210.751709 0.000000 0.078771 0.000000 0.996893 0.256395 0.256395 0.256395
4888.204102 0.000000 2247.418213 0.000000 0.887938 0.000000 0.459963 0.291713 0.291713 0.291713
4889.336426 0.000000 2240.888916 0.000000 0.905313 0.000000 -0.424746 0.307737 0.307737 0.307737
4894.924805 0.000000 2242.195557 0.000000 0.978402 0.000000 0.206710 0.272927 0.272927 0.272927
4889.560059 0.000000 2246.064209 0.000000 0.925051 0.000000 -0.379844 0.306756 0.306756 0.306756
4889.935547 0.000000 2243.293213 0.000000 0.958633 0.000000 0.284646 0.294952 0.294952 0.294952
4882.634277 0.000000 2248.159180 0.000000 0.919727 0.000000 -0.392558 0.299879 0.299879 0.299879
4886.025391 0.000000 2245.184570 0.000000 0.481892 0.000000 0.876231 0.279603 0.279603 0.279603
4148.706543 0.000000 2541.627930 0.000000 0.862587 0.000000 -0.505909 0.236822 0.236822 0.236822
4146.318359 0.000000 2542.002686 0.000000 0.947827 0.000000 -0.318785 0.211185 0.211185 0.211185
4149.428223 0.000000 2559.638184 0.000000 0.996678 0.000000 0.081444 0.242530 0.242530 0.242530
4155.529785 0.000000 2542.443848 0.000000 0.475930 0.000000 0.879483 0.258050 0.258050 0.258050
4153.360352 0.000000 2553.053467 0.000000 0.982893 0.000000 -0.184175 0.256847 0.256847 0.256847
4167.671387 0.000000 2566.653320 0.000000 0.914986 0.000000 -0.403486 0.202727 0.202727 0.202727
4181.208496 0.000000 2581.676025 0.000000 0.958066 0.000000 -0.286547 0.204615 0.204615 0.204615
4178.230469 0.000000 2579.832520 0.000000 0.950833 0.000000 0.309703 0.211163 0.211163 0.211163
4172.080078 0.000000 2573.085693 0.000000 0.995513 0.000000 0.094621 0.264575 0.264575 0.264575
4428.552734 0.000000 2511.506592 0.000000 0.343312 0.000000 0.939222 0.277835 0.277835 0.277835
4433.260254 0.000000 2511.769531 0.000000 0.309338 0.000000 0.950952 0.276039 0.276039 0.276039
4464.918945 0.000000 2500.298584 0.000000 0.861132 0.000000 0.508382 0.224326 0.224326 0.224326
4428.526855 0.000000 2508.358398 0.000000 0.975639 0.000000 -0.219381 0.304158 0.304158 0.304158
4430.979980 0.000000 2510.152588 0.000000 0.494885 0.000000 0.868958 0.264764 0.264764 0.264764
4433.436523 0.000000 2509.181641 0.000000 0.569154 0.000000 0.822231 0.282431 0.282431 0.282431
4435.362793 0.000000 2513.300293 0.000000 0.137834 0.000000 0.990455 0.219147 0.219147 0.219147
4429.872070 0.000000 2513.715088 0.000000 0.980549 0.000000 -0.196276 0.264430 0.264430 0.264430
4431.228516 0.000000 2512.324707 0.000000 0.668624 0.000000 0.743601 0.285086 0.285086 0.285086
4426.704590 0.000000 2508.054932 0.000000 0.947375 0.000000 0.320126 0.294106 0.294106 0.294106
4428.062012 0.000000 2506.617920 0.000000 0.997814 0.000000 -0.066082 0.301251 0.301251 0.301251
4432.985352 0.000000 2507.488281 0.000000 0.072032 0.000000 0.997402 0.247907 0.247907 0.247907
4429.306641 0.000000 2509.864014 0.000000 0.245134 0.000000 0.969489 0.275126 0.275126 0.275126
4430.222168 0.000000 2508.463379 0.000000 0.114378 0.000000 0.993437 0.274207 0.274207 0.274207
4434.834473 0.000000 2511.901855 0.000000 0.626297 0.000000 0.779584 0.284466 0.284466 0.284466
4427.761719 0.000000 2509.722168 0.000000 0.077066 0.000000 0.997026 0.272984 0.272984 0.272984
4434.172363 0.000000 2510.459717 0.000000 0.106495 0.000000 0.994313 0.274560 0.274560 0.274560
4465.272949 0.000000 2575.421875 0.000000 0.999709 0.000000 -0.024120 0.206624 0.206624 0.206624
4449.210449 0.000000 2586.670166 0.000000 0.959057 0.000000 0.283213 0.229945 0.229945 0.229945
4471.107910 0.000000 2586.998291 0.000000 0.999943 0.000000 0.010674 0.220915 0.220915 0.220915
4464.647949 0.000000 2582.272705 0.000000 0.899643 0.000000 -0.436626 0.304809 0.304809 0.304809
4451.689941 0.000000 2593.398438 0.000000 0.243433 0.000000 0.969918 0.252636 0.252636 0.252636
4459.596680 0.000000 2590.338379 0.000000 0.152869 0.000000 0.988246 0.225589 0.225589 0.225589
4465.314941 0.000000 2584.495117 0.000000 0.753920 0.000000 0.656967 0.231453 0.231453 0.231453
4454.962402 0.000000 2585.976807 0.000000 0.036893 0.000000 0.999319 0.236664 0.236664 0.236664
4458.219238 0.000000 2588.011475 0.000000 0.946296 0.000000 0.323301 0.282509 0.282509 0.282509
4466.750488 0.000000 2582.350098 0.000000 0.250131 0.000000 0.968212 0.232972 0.232972 0.232972
4452.742188 0.000000 2595.001953 0.000000 0.712626 0.000000 0.701544 0.251965 0.251965 0.251965
4471.893555 0.000000 2585.301758 0.000000 0.853773 0.000000 0.520646 0.290300 0.290300 0.290300
4453.366211 0.000000 2593.496582 0.000000 0.639406 0.000000 0.768869 0.275918 0.275918 0.275918
4547.505371 0.000000 2528.738770 0.000000 0.953625 0.000000 -0.300998 0.213914 0.213914 0.213914
4544.009766 0.000000 2527.505127 0.000000 0.840690 0.000000 0.541517 0.212796 0.212796 0.212796
4498.127930 0.000000 2555.072998 0.000000 0.997881 0.000000 0.065070 0.199823 0.199823 0.199823
4484.755371 0.000000 2569.669434 0.000000 0.457130 0.000000 0.889400 0.198705 0.198705 0.198705
4528.746582 0.000000 2545.034424 0.000000 0.969714 0.000000 -0.244242 0.233484 0.233484 0.233484
4504.795410 0.000000 2569.708984 0.000000 0.586922 0.000000 0.809644 0.264392 0.264392 0.264392
4518.337891 0.000000 2555.532959 0.000000 0.996244 0.000000 -0.086586 0.230803 0.230803 0.230803
4487.213379 0.000000 2579.996826 0.000000 0.484875 0.000000 0.874583 0.266558 0.266558 0.266558
4486.395508 0.000000 2571.852539 0.000000 0.340087 0.000000 0.940394 0.252575 0.252575 0.252575
4488.173828 0.000000 2564.063232 0.000000 0.723139 0.000000 0.690703 0.252158 0.252158 0.252158
4527.645996 0.000000 2549.494873 0.000000 0.922156 0.000000 -0.386819 0.252980 0.252980 0.252980
4486.953125 0.000000 2577.407227 0.000000 0.688514 0.000000 0.725223 0.285294 0.285294 0.285294
4488.722168 0.000000 2574.315918 0.000000 0.735968 0.000000 0.677017 0.252914 0.252914 0.252914
4527.882812 0.000000 2546.820557 0.000000 0.604312 0.000000 0.796747 0.250120 0.250120 0.250120
4519.104492 0.000000 2553.690430 0.000000 0.978212 0.000000 -0.207607 0.303759 0.303759 0.303759
4491.461426 0.000000 2569.391357 0.000000 0.999933 0.000000 -0.011603 0.282808 0.282808 0.282808
4488.953125 0.000000 2567.727539 0.000000 0.999929 0.000000 -0.011953 0.300211 0.300211 0.300211
4489.912598 0.000000 2570.898926 0.000000 0.186684 0.000000 0.982420 0.274370 0.274370 0.274370
4486.595703 0.000000 2567.795898 0.000000 0.842597 0.000000 0.538544 0.286578 0.286578 0.286578
4502.404297 0.000000 2567.412109 0.000000 0.187624 0.000000 0.982241 0.274795 0.274795 0.274795
4420.032715 0.000000 2629.892822 0.000000 0.973192 0.000000 -0.229995 0.211615 0.211615 0.211615
4447.826172 0.000000 2606.403564 0.000000 0.647889 0.000000 0.761735 0.284758 0.284758 0.284758
4444.431641 0.000000 2605.789062 0.000000 0.207931 0.000000 0.978143 0.211525 0.211525 0.211525
4451.104004 0.000000 2606.823242 0.000000 0.933652 0.000000 -0.358180 0.292255 0.292255 0.292255
4442.987305 0.000000 2598.370117 0.000000 0.873805 0.000000 0.486277 0.241085 0.241085 0.241085
4436.094727 0.000000 2613.682129 0.000000 0.493892 0.000000 0.869524 0.223398 0.223398 0.223398
4446.608887 0.000000 2603.820801 0.000000 0.918181 0.000000 0.396162 0.222292 0.222292 0.222292
4430.979980 0.000000 2623.121338 0.000000 0.962124 0.000000 0.272613 0.239324 0.239324 0.239324
4422.395508 0.000000 2628.336914 0.000000 0.879599 0.000000 0.475716 0.249197 0.249197 0.249197
4453.463867 0.000000 2605.886719 0.000000 0.792592 0.000000 0.609752 0.234712 0.234712 0.234712
4424.722168 0.000000 2630.800293 0.000000 0.178587 0.000000 0.983924 0.247928 0.247928 0.247928
4451.217285 0.000000 2609.119873 0.000000 0.961001 0.000000 -0.276545 0.305121 0.305121 0.305121
4452.749023 0.000000 2607.650635 0.000000 0.928220 0.000000 0.372031 0.293348 0.293348 0.293348
4753.256836 0.000000 2463.542969 0.000000 0.771993 0.000000 0.635632 0.200202 0.200202 0.200202
4754.817383 0.000000 2459.271973 0.000000 0.983153 0.000000 -0.182782 0.255688 0.255688 0.255688
4764.944336 0.000000 2464.695557 0.000000 0.007617 0.000000 0.999971 0.222142 0.222142 0.222142
4763.849121 0.000000 2455.433838 0.000000 0.981895 0.000000 0.189426 0.286327 0.286327 0.286327
4767.303223 0.000000 2455.839600 0.000000 0.968247 0.000000 0.249996 0.295638 0.295638 0.295638
4894.530273 0.000000 2282.834961 0.000000 0.984943 0.000000 -0.172880 0.201158 0.201158 0.201158
4914.789551 0.000000 2271.462402 0.000000 0.476641 0.000000 0.879098 0.208544 0.208544 0.208544
4891.932617 0.000000 2279.644531 0.000000 0.856001 0.000000 0.516973 0.199678 0.199678 0.199678
4926.624512 0.000000 2268.195068 0.000000 0.996852 0.000000 0.079280 0.203062 0.203062 0.203062
4915.213867 0.000000 2305.632324 0.000000 0.797860 0.000000 0.602843 0.207402 0.207402 0.207402
4912.647949 0.000000 2299.850830 0.000000 0.668638 0.000000 0.743588 0.212097 0.212097 0.212097
4905.322754 0.000000 2307.650635 0.000000 0.990502 0.000000 0.137498 0.210389 0.210389 0.210389
4894.608887 0.000000 2264.914551 0.000000 0.648036 0.000000 0.761610 0.216513 0.216513 0.216513
4897.491699 0.000000 2265.270264 0.000000 0.225413 0.000000 0.974263 0.233652 0.233652 0.233652
4897.412109 0.000000 2274.332031 0.000000 0.934387 0.000000 0.356261 0.293370 0.293370 0.293370
4917.428223 0.000000 2277.216309 0.000000 0.822242 0.000000 0.569139 0.228922 0.228922 0.228922
4898.111328 0.000000 2290.990234 0.000000 0.896860 0.000000 0.442314 0.236294 0.236294 0.236294
4891.678223 0.000000 2264.389160 0.000000 0.999774 0.000000 -0.021240 0.249824 0.249824 0.249824
4888.077637 0.000000 2268.771484 0.000000 0.878819 0.000000 -0.477155 0.235914 0.235914 0.235914
4897.641602 0.000000 2277.453613 0.000000 0.059004 0.000000 0.998258 0.248665 0.248665 0.248665
4897.365723 0.000000 2269.549805 0.000000 0.845628 0.000000 -0.533773 0.283978 0.283978 0.283978
4890.165527 0.000000 2267.632812 0.000000 0.615494 0.000000 0.788141 0.284192 0.284192 0.284192
4925.252441 0.000000 2269.801270 0.000000 0.812625 0.000000 0.582786 0.242428 0.242428 0.242428
4897.049316 0.000000 2260.625244 0.000000 0.816426 0.000000 0.577450 0.239350 0.239350 0.239350
4893.739258 0.000000 2280.838135 0.000000 0.973233 0.000000 -0.229822 0.265443 0.265443 0.265443
4914.709961 0.000000 2273.464844 0.000000 0.162045 0.000000 0.986783 0.251019 0.251019 0.251019
4899.217285 0.000000 2270.213623 0.000000 0.313610 0.000000 0.949552 0.246388 0.246388 0.246388
4894.725586 0.000000 2262.967529 0.000000 0.794904 0.000000 0.606736 0.256696 0.256696 0.256696
4897.853027 0.000000 2271.139648 0.000000 0.631057 0.000000 0.775737 0.283442 0.283442 0.283442
4897.699219 0.000000 2272.805176 0.000000 0.901814 0.000000 -0.432124 0.307932 0.307932 0.307932
4918.238281 0.000000 2315.737061 0.000000 0.935386 0.000000 -0.353627 0.306240 0.306240 0.306240
4897.760254 0.000000 2263.783203 0.000000 0.689597 0.000000 0.724194 0.285018 0.285018 0.285018
4896.868164 0.000000 2275.746338 0.000000 0.893932 0.000000 0.448203 0.291542 0.291542 0.291542
4918.816895 0.000000 2317.110107 0.000000 0.999367 0.000000 0.035576 0.201147 0.201147 0.201147
4919.848633 0.000000 2315.922363 0.000000 0.776625 0.000000 0.629963 0.288235 0.288235 0.288235
4958.060547 0.000000 2364.014160 0.000000 0.037359 0.000000 0.999302 0.189281 0.189281 0.189281
4956.380371 0.000000 2370.709717 0.000000 0.993325 0.000000 -0.115351 0.235611 0.235611 0.235611
4936.667480 0.000000 2377.123047 0.000000 0.998906 0.000000 0.046763 0.216693 0.216693 0.216693
4933.141602 0.000000 2397.850098 0.000000 0.222636 0.000000 0.974902 0.221467 0.221467 0.221467
5102.245605 0.000000 2674.688232 0.000000 0.006790 0.000000 0.999977 0.238175 0.238175 0.238175
5101.674805 0.000000 2667.769043 0.000000 0.978184 0.000000 -0.207742 0.303997 0.303997 0.303997
5103.029785 0.000000 2669.009033 0.000000 0.895735 0.000000 0.444588 0.292012 0.292012 0.292012
5093.374023 0.000000 2660.732178 0.000000 0.616564 0.000000 0.787305 0.282689 0.282689 0.282689
5173.013672 0.000000 2632.927490 0.000000 0.999792 0.000000 0.020411 0.233131 0.233131 0.233131
5161.967773 0.000000 2628.099121 0.000000 0.910445 0.000000 0.413630 0.211875 0.211875 0.211875
5153.099609 0.000000 2632.230957 0.000000 0.702601 0.000000 0.711584 0.219265 0.219265 0.219265
5145.916992 0.000000 2643.047363 0.000000 0.083223 0.000000 0.996531 0.236277 0.236277 0.236277
5127.437500 0.000000 2653.324951 0.000000 0.142958 0.000000 0.989729 0.215314 0.215314 0.215314
5137.360840 0.000000 2644.441650 0.000000 0.954653 0.000000 -0.297722 0.224811 0.224811 0.224811
5139.443848 0.000000 2648.200928 0.000000 0.857586 0.000000 0.514341 0.252887 0.252887 0.252887
5154.111328 0.000000 2629.896484 0.000000 0.991952 0.000000 -0.126614 0.259553 0.259553 0.259553
5161.128906 0.000000 2619.146973 0.000000 0.929163 0.000000 0.369671 0.233364 0.233364 0.233364
5148.838379 0.000000 2623.348633 0.000000 0.913749 0.000000 0.406279 0.232418 0.232418 0.232418
5136.382324 0.000000 2654.097656 0.000000 0.400155 0.000000 0.916447 0.253941 0.253941 0.253941
5143.105957 0.000000 2619.517822 0.000000 0.250589 0.000000 0.968094 0.226159 0.226159 0.226159
5160.688965 0.000000 2622.681641 0.000000 0.181601 0.000000 0.983372 0.275203 0.275203 0.275203
5173.007812 0.000000 2639.431641 0.000000 0.632199 0.000000 0.774806 0.242955 0.242955 0.242955
5136.905273 0.000000 2652.180664 0.000000 0.934504 0.000000 0.355953 0.293049 0.293049 0.293049
5150.609375 0.000000 2623.943848 0.000000 0.568770 0.000000 0.822497 0.251065 0.251065 0.251065
5162.442383 0.000000 2626.332031 0.000000 0.234433 0.000000 0.972132 0.254416 0.254416 0.254416
5132.919922 0.000000 2648.316895 0.000000 0.948429 0.000000 -0.316989 0.305774 0.305774 0.305774
5153.128418 0.000000 2639.044434 0.000000 0.906085 0.000000 -0.423096 0.275118 0.275118 0.275118
5163.765137 0.000000 2627.565430 0.000000 0.884119 0.000000 0.467262 0.266297 0.266297 0.266297
5133.317383 0.000000 2651.508545 0.000000 0.954235 0.000000 0.299059 0.294711 0.294711 0.294711
5136.425781 0.000000 2648.984375 0.000000 0.988815 0.000000 0.149149 0.297141 0.297141 0.297141
5138.634277 0.000000 2643.549805 0.000000 0.923613 0.000000 -0.383327 0.306909 0.306909 0.306909
5142.025391 0.000000 2640.575195 0.000000 0.405722 0.000000 0.913997 0.277979 0.277979 0.277979
5133.467285 0.000000 2646.927979 0.000000 0.633736 0.000000 0.773549 0.284235 0.284235 0.284235
5138.425781 0.000000 2647.133301 0.000000 0.991734 0.000000 0.128311 0.297543 0.297543 0.297543
5145.661133 0.000000 2657.831787 0.000000 0.937035 0.000000 -0.349235 0.220671 0.220671 0.220671
5137.664551 0.000000 2661.421631 0.000000 0.190494 0.000000 0.981688 0.224539 0.224539 0.224539
5156.029297 0.000000 2673.318359 0.000000 0.953669 0.000000 -0.300856 0.250205 0.250205 0.250205
5161.128906 0.000000 2675.631348 0.000000 0.999985 0.000000 0.005526 0.227119 0.227119 0.227119
5150.725586 0.000000 2658.358154 0.000000 0.889856 0.000000 -0.456241 0.263842 0.263842 0.263842
5159.260742 0.000000 2676.369629 0.000000 0.954209 0.000000 -0.299140 0.284901 0.284901 0.284901
5144.779785 0.000000 2659.302246 0.000000 0.813623 0.000000 0.581393 0.289335 0.289335 0.289335
5139.350098 0.000000 2657.119385 0.000000 0.183613 0.000000 0.982999 0.266859 0.266859 0.266859
5157.265137 0.000000 2674.429199 0.000000 0.886045 0.000000 -0.463598 0.292871 0.292871 0.292871
5142.020996 0.000000 2656.085693 0.000000 0.897607 0.000000 -0.440796 0.302521 0.302521 0.302521
5154.977539 0.000000 2669.265137 0.000000 0.940262 0.000000 0.340451 0.293365 0.293365 0.293365
5140.179199 0.000000 2656.042725 0.000000 0.218821 0.000000 0.975765 0.274213 0.274213 0.274213
5220.045898 0.000000 2660.040527 0.000000 0.053746 0.000000 0.998555 0.197964 0.197964 0.197964
5220.029297 0.000000 2673.318359 0.000000 0.998585 0.000000 -0.053173 0.235549 0.235549 0.235549
5237.566895 0.000000 2667.227783 0.000000 0.539763 0.000000 0.841817 0.234550 0.234550 0.234550
5227.095215 0.000000 2669.084229 0.000000 0.993468 0.000000 -0.114108 0.280386 0.280386 0.280386
5217.641602 0.000000 2672.844238 0.000000 0.820991 0.000000 0.570941 0.224674 0.224674 0.224674
5219.217285 0.000000 2665.604248 0.000000 0.299016 0.000000 0.954248 0.258715 0.258715 0.258715
5281.641602 0.000000 2672.844238 0.000000 0.920703 0.000000 -0.390263 0.250109 0.250109 0.250109
5254.028809 0.000000 2677.695312 0.000000 0.131529 0.000000 0.991312 0.226804 0.226804 0.226804
5282.375977 0.000000 2671.208252 0.000000 0.778713 0.000000 0.627381 0.282179 0.282179 0.282179
5423.917480 0.000000 2635.063232 0.000000 0.888493 0.000000 0.458890 0.217362 0.217362 0.217362
5437.125000 0.000000 2650.760498 0.000000 0.989321 0.000000 -0.145754 0.238190 0.238190 0.238190
5471.453613 0.000000 2671.495850 0.000000 0.925540 0.000000 -0.378650 0.202501 0.202501 0.202501
5444.602051 0.000000 2657.371338 0.000000 0.946994 0.000000 -0.321252 0.244084 0.244084 0.244084
5444.035156 0.000000 2660.985352 0.000000 0.937060 0.000000 0.349169 0.247099 0.247099 0.247099
5446.936035 0.000000 2658.341553 0.000000 0.908443 0.000000 -0.418008 0.266831 0.266831 0.266831
5451.084961 0.000000 2665.144287 0.000000 0.557436 0.000000 0.830220 0.279716 0.279716 0.279716
5501.248047 0.000000 2757.251953 0.000000 0.468771 0.000000 0.883319 0.192701 0.192701 0.192701
5465.916992 0.000000 2812.500488 0.000000 0.000584 0.000000 1.000000 0.205786 0.205786 0.205786
5452.083496 0.000000 2813.248291 0.000000 0.690933 0.000000 0.722919 0.211839 0.211839 0.211839
5453.139648 0.000000 2811.279053 0.000000 0.465661 0.000000 0.884963 0.239083 0.239083 0.239083
5463.416992 0.000000 2815.667236 0.000000 0.396921 0.000000 0.917853 0.258280 0.258280 0.258280
5451.147461 0.000000 2805.899902 0.000000 0.376338 0.000000 0.926483 0.273407 0.273407 0.273407
5527.191895 0.000000 2757.140625 0.000000 0.923326 0.000000 0.384018 0.243435 0.243435 0.243435
5543.299805 0.000000 2757.629395 0.000000 0.915064 0.000000 -0.403310 0.264286 0.264286 0.264286
5542.646484 0.000000 2743.407227 0.000000 0.506349 0.000000 0.862329 0.255071 0.255071 0.255071
5533.291016 0.000000 2753.592529 0.000000 0.862122 0.000000 0.506701 0.259337 0.259337 0.259337
5544.389160 0.000000 2764.880371 0.000000 0.997797 0.000000 0.066334 0.250486 0.250486 0.250486
5535.826172 0.000000 2775.856689 0.000000 0.876014 0.000000 0.482286 0.196620 0.196620 0.196620
5543.299805 0.000000 2814.113770 0.000000 0.993894 0.000000 -0.110340 0.224241 0.224241 0.224241
5567.510742 0.000000 2792.471191 0.000000 0.680080 0.000000 0.733137 0.227250 0.227250 0.227250
5535.005371 0.000000 2802.639160 0.000000 0.685312 0.000000 0.728250 0.238146 0.238146 0.238146
5549.143066 0.000000 2768.036621 0.000000 0.999177 0.000000 -0.040563 0.250609 0.250609 0.250609
5539.619629 0.000000 2809.641357 0.000000 0.937523 0.000000 -0.347923 0.272265 0.272265 0.272265
5470.961914 0.000000 2825.180176 0.000000 0.755293 0.000000 0.655387 0.230953 0.230953 0.230953
5476.575195 0.000000 2826.607666 0.000000 0.383547 0.000000 0.923522 0.258559 0.258559 0.258559
5473.491699 0.000000 2830.114014 0.000000 0.209446 0.000000 0.977820 0.211047 0.211047 0.211047
5473.365723 0.000000 2834.393555 0.000000 0.299258 0.000000 0.954172 0.249095 0.249095 0.249095
5489.394043 0.000000 2906.032959 0.000000 0.102312 0.000000 0.994752 0.264634 0.264634 0.264634
5491.914062 0.000000 2886.491455 0.000000 0.338055 0.000000 0.941127 0.222183 0.222183 0.222183
5493.177734 0.000000 2891.223633 0.000000 0.561201 0.000000 0.827679 0.239885 0.239885 0.239885
5490.490723 0.000000 2903.492676 0.000000 0.935436 0.000000 0.353495 0.258902 0.258902 0.258902
5489.135254 0.000000 2907.540039 0.000000 0.919681 0.000000 0.392667 0.281343 0.281343 0.281343
5565.032715 0.000000 2846.406738 0.000000 0.900062 0.000000 0.435762 0.227259 0.227259 0.227259
5563.262207 0.000000 2846.354736 0.000000 0.500208 0.000000 0.865905 0.278589 0.278589 0.278589
5569.451172 0.000000 2836.394287 0.000000 0.569120 0.000000 0.822255 0.193782 0.193782 0.193782
5548.062988 0.000000 2889.692139 0.000000 0.279138 0.000000 0.960251 0.191319 0.191319 0.191319
5505.451660 0.000000 2890.095459 0.000000 0.927324 0.000000 -0.374260 0.229590 0.229590 0.229590
5508.602051 0.000000 2883.308838 0.000000 0.863304 0.000000 0.504683 0.232882 0.232882 0.232882
5549.531250 0.000000 2899.096191 0.000000 0.416998 0.000000 0.908907 0.279881 0.279881 0.279881
"}
object={
	name="cypress_mediterranean_sparse_generator_1_1"
	clamp_to_water_level=no
	render_under_water=no
	generated_content=yes
	layer="semidynamic"
	pdxmesh="tree_cypress_mediterranean_01_mesh"
	count=214
	transform="4017.272949 0.000000 2405.968750 0.000000 0.424037 0.000000 -0.905645 0.207750 0.207750 0.207750
4028.832764 0.000000 2404.665527 0.000000 0.648870 0.000000 -0.760899 0.260740 0.260740 0.260740
4001.433594 0.000000 2408.147217 0.000000 0.786164 0.000000 -0.618018 0.289676 0.289676 0.289676
4002.559814 0.000000 2405.549316 0.000000 0.433171 0.000000 -0.901312 0.320771 0.320771 0.320771
4003.506348 0.000000 2404.213867 0.000000 0.093277 0.000000 -0.995640 0.327331 0.327331 0.327331
4036.788818 0.000000 2406.200684 0.000000 0.444023 0.000000 -0.896015 0.286783 0.286783 0.286783
4047.325439 0.000000 2407.352295 0.000000 0.691276 0.000000 -0.722590 0.272228 0.272228 0.272228
4044.773682 0.000000 2406.527832 0.000000 0.642968 0.000000 -0.765893 0.274282 0.274282 0.274282
4045.021240 0.000000 2404.972656 0.000000 0.717622 0.000000 -0.696433 0.313271 0.313271 0.313271
3974.215332 0.000000 2477.765869 0.000000 0.300675 0.000000 -0.953727 0.217821 0.217821 0.217821
3984.971924 0.000000 2478.005127 0.000000 0.313453 0.000000 -0.949604 0.265236 0.265236 0.265236
3998.060547 0.000000 2476.982910 0.000000 0.420192 0.000000 -0.907435 0.208269 0.208269 0.208269
3992.641113 0.000000 2484.552734 0.000000 0.556490 0.000000 -0.830854 0.318509 0.318509 0.318509
3996.899902 0.000000 2480.376709 0.000000 0.563672 0.000000 -0.825999 0.297933 0.297933 0.297933
4060.380127 0.000000 2483.678467 0.000000 0.648004 0.000000 -0.761637 0.245546 0.245546 0.245546
4064.544434 0.000000 2476.159668 0.000000 0.367780 0.000000 -0.929913 0.245783 0.245783 0.245783
4075.690186 0.000000 2432.392090 0.000000 0.409372 0.000000 -0.912367 0.287944 0.287944 0.287944
3962.462158 0.000000 2502.382568 0.000000 0.555416 0.000000 -0.831573 0.249800 0.249800 0.249800
3951.447998 0.000000 2497.998291 0.000000 0.198841 0.000000 -0.980032 0.323765 0.323765 0.323765
3960.473389 0.000000 2493.443359 0.000000 0.017311 0.000000 -0.999850 0.251932 0.251932 0.251932
3956.122803 0.000000 2522.977539 0.000000 0.260708 0.000000 -0.965418 0.297212 0.297212 0.297212
3969.451416 0.000000 2497.488037 0.000000 0.717258 0.000000 -0.696808 0.205216 0.205216 0.205216
3990.937256 0.000000 2499.739746 0.000000 0.707251 0.000000 -0.706963 0.290823 0.290823 0.290823
3986.190674 0.000000 2494.834717 0.000000 0.604059 0.000000 -0.796939 0.312731 0.312731 0.312731
3991.407959 0.000000 2497.150635 0.000000 0.269771 0.000000 -0.962925 0.241159 0.241159 0.241159
4001.491699 0.000000 2491.207764 0.000000 0.756093 0.000000 -0.654465 0.268011 0.268011 0.268011
3975.434570 0.000000 2496.056152 0.000000 0.734360 0.000000 -0.678760 0.292681 0.292681 0.292681
3987.704102 0.000000 2499.076660 0.000000 0.355910 0.000000 -0.934520 0.320745 0.320745 0.320745
4033.319092 0.000000 2524.200928 0.000000 0.725851 0.000000 -0.687851 0.205208 0.205208 0.205208
4046.873047 0.000000 2493.359619 0.000000 0.231418 0.000000 -0.972854 0.239018 0.239018 0.239018
4072.763184 0.000000 2500.434570 0.000000 0.026710 0.000000 -0.999643 0.228829 0.228829 0.228829
4059.131592 0.000000 2501.433594 0.000000 0.134496 0.000000 -0.990914 0.229818 0.229818 0.229818
4055.293701 0.000000 2508.877197 0.000000 0.038601 0.000000 -0.999255 0.223027 0.223027 0.223027
4057.680908 0.000000 2519.090088 0.000000 0.578716 0.000000 -0.815529 0.313887 0.313887 0.313887
4035.510986 0.000000 2532.240479 0.000000 0.353826 0.000000 -0.935311 0.316921 0.316921 0.316921
4060.947998 0.000000 2515.384277 0.000000 0.688547 0.000000 -0.725192 0.240765 0.240765 0.240765
4073.128906 0.000000 2506.178223 0.000000 0.520175 0.000000 -0.854060 0.317904 0.317904 0.317904
4055.340088 0.000000 2517.719971 0.000000 0.563245 0.000000 -0.826290 0.317990 0.317990 0.317990
4046.401855 0.000000 2527.008301 0.000000 0.753682 0.000000 -0.657239 0.257223 0.257223 0.257223
4060.838379 0.000000 2510.379883 0.000000 0.650092 0.000000 -0.759856 0.274774 0.274774 0.274774
4034.026611 0.000000 2533.938721 0.000000 0.311791 0.000000 -0.950151 0.317668 0.317668 0.317668
4049.493164 0.000000 2529.285400 0.000000 0.516516 0.000000 -0.856278 0.278157 0.278157 0.278157
4068.682129 0.000000 2509.101807 0.000000 0.222847 0.000000 -0.974853 0.305552 0.305552 0.305552
4050.979736 0.000000 2525.326416 0.000000 0.598672 0.000000 -0.800994 0.272548 0.272548 0.272548
4042.234863 0.000000 2532.758301 0.000000 0.451124 0.000000 -0.892461 0.262257 0.262257 0.262257
4082.425537 0.000000 2487.466797 0.000000 0.088184 0.000000 -0.996104 0.276964 0.276964 0.276964
4062.609619 0.000000 2510.975098 0.000000 0.131261 0.000000 -0.991348 0.313541 0.313541 0.313541
4085.097412 0.000000 2487.097900 0.000000 0.659900 0.000000 -0.751354 0.294854 0.294854 0.294854
4080.748535 0.000000 2486.724854 0.000000 0.347692 0.000000 -0.937609 0.279345 0.279345 0.279345
4063.303223 0.000000 2512.323975 0.000000 0.018363 0.000000 -0.999831 0.329417 0.329417 0.329417
4055.955322 0.000000 2519.103027 0.000000 0.297126 0.000000 -0.954838 0.323478 0.323478 0.323478
4054.292480 0.000000 2516.733154 0.000000 0.399479 0.000000 -0.916742 0.321457 0.321457 0.321457
4066.937744 0.000000 2515.817627 0.000000 0.783005 0.000000 -0.622015 0.312570 0.312570 0.312570
7142.230957 0.000000 885.794678 0.000000 0.541095 0.000000 -0.840961 0.206485 0.206485 0.206485
7155.213867 0.000000 893.522827 0.000000 0.489748 0.000000 -0.871864 0.217459 0.217459 0.217459
7155.634277 0.000000 889.993469 0.000000 0.585889 0.000000 -0.810391 0.297522 0.297522 0.297522
7223.044922 0.000000 660.416443 0.000000 0.581253 0.000000 -0.813723 0.251307 0.251307 0.251307
7238.507812 0.000000 729.903625 0.000000 0.196551 0.000000 -0.980494 0.223645 0.223645 0.223645
7251.236816 0.000000 745.619934 0.000000 0.035202 0.000000 -0.999380 0.265291 0.265291 0.265291
7253.918945 0.000000 745.804260 0.000000 0.424689 0.000000 -0.905339 0.314992 0.314992 0.314992
7231.814453 0.000000 809.225952 0.000000 0.770102 0.000000 -0.637921 0.270748 0.270748 0.270748
7231.169434 0.000000 807.658936 0.000000 0.064417 0.000000 -0.997923 0.310653 0.310653 0.310653
7271.591309 0.000000 832.617310 0.000000 0.635504 0.000000 -0.772098 0.265220 0.265220 0.265220
7245.872070 0.000000 819.183716 0.000000 0.791917 0.000000 -0.610629 0.238054 0.238054 0.238054
7239.143066 0.000000 818.165710 0.000000 0.325053 0.000000 -0.945696 0.310988 0.310988 0.310988
7256.422363 0.000000 820.481506 0.000000 0.419880 0.000000 -0.907580 0.301078 0.301078 0.301078
7246.035156 0.000000 816.780884 0.000000 0.213582 0.000000 -0.976925 0.325889 0.325889 0.325889
7276.083496 0.000000 867.326599 0.000000 0.498908 0.000000 -0.866655 0.218596 0.218596 0.218596
7272.015625 0.000000 854.894226 0.000000 0.779828 0.000000 -0.625993 0.294660 0.294660 0.294660
7308.773926 0.000000 824.965271 0.000000 0.397883 0.000000 -0.917436 0.284956 0.284956 0.284956
7317.229004 0.000000 861.357910 0.000000 0.062007 0.000000 -0.998076 0.328306 0.328306 0.328306
7158.385254 0.000000 907.659058 0.000000 0.097563 0.000000 -0.995229 0.266514 0.266514 0.266514
7160.246582 0.000000 906.606873 0.000000 0.296912 0.000000 -0.954905 0.323482 0.323482 0.323482
6723.505371 0.000000 1512.019897 0.000000 0.009108 0.000000 -0.999959 0.210800 0.210800 0.210800
6723.510742 0.000000 1515.521729 0.000000 0.487949 0.000000 -0.872872 0.220527 0.220527 0.220527
6734.057129 0.000000 1520.429565 0.000000 0.119333 0.000000 -0.992854 0.325216 0.325216 0.325216
7179.406250 0.000000 936.820801 0.000000 0.277445 0.000000 -0.960741 0.298888 0.298888 0.298888
7438.401855 0.000000 945.445862 0.000000 0.537000 0.000000 -0.843582 0.275358 0.275358 0.275358
7446.911621 0.000000 944.739624 0.000000 0.755657 0.000000 -0.654968 0.298882 0.298882 0.298882
7441.862305 0.000000 940.077454 0.000000 0.406515 0.000000 -0.913644 0.321401 0.321401 0.321401
7445.230957 0.000000 942.262451 0.000000 0.260834 0.000000 -0.965384 0.324960 0.324960 0.324960
7462.535645 0.000000 989.742493 0.000000 0.472916 0.000000 -0.881107 0.280692 0.280692 0.280692
7454.961914 0.000000 961.195679 0.000000 0.375875 0.000000 -0.926671 0.246942 0.246942 0.246942
7457.049316 0.000000 961.484680 0.000000 0.129033 0.000000 -0.991640 0.327529 0.327529 0.327529
7451.966309 0.000000 969.847473 0.000000 0.807813 0.000000 -0.589439 0.311473 0.311473 0.311473
7461.967285 0.000000 985.131714 0.000000 0.507144 0.000000 -0.861862 0.294556 0.294556 0.294556
7463.989746 0.000000 986.138245 0.000000 0.314693 0.000000 -0.949194 0.323886 0.323886 0.323886
7457.739258 0.000000 962.758362 0.000000 0.440929 0.000000 -0.897542 0.321279 0.321279 0.321279
4841.656250 0.000000 2243.000488 0.000000 0.198706 0.000000 -0.980059 0.218005 0.218005 0.218005
4838.337891 0.000000 2216.626709 0.000000 0.299482 0.000000 -0.954102 0.242117 0.242117 0.242117
4823.339844 0.000000 2235.298096 0.000000 0.551276 0.000000 -0.834323 0.257229 0.257229 0.257229
4863.509766 0.000000 2240.109131 0.000000 0.410586 0.000000 -0.911822 0.284137 0.284137 0.284137
4826.245605 0.000000 2221.402588 0.000000 0.616859 0.000000 -0.787074 0.239267 0.239267 0.239267
4863.374512 0.000000 2242.986084 0.000000 0.622643 0.000000 -0.782506 0.278925 0.278925 0.278925
4845.814941 0.000000 2239.436768 0.000000 0.208835 0.000000 -0.977951 0.324708 0.324708 0.324708
4829.380859 0.000000 2222.288330 0.000000 0.396993 0.000000 -0.917822 0.313580 0.313580 0.313580
4842.059082 0.000000 2238.173584 0.000000 0.459104 0.000000 -0.888383 0.319334 0.319334 0.319334
4924.034180 0.000000 2137.745117 0.000000 0.232568 0.000000 -0.972580 0.259220 0.259220 0.259220
4912.746582 0.000000 2149.643799 0.000000 0.534335 0.000000 -0.845273 0.222529 0.222529 0.222529
4878.875488 0.000000 2247.652588 0.000000 0.163776 0.000000 -0.986498 0.213901 0.213901 0.213901
4864.009766 0.000000 2245.083252 0.000000 0.600099 0.000000 -0.799926 0.227930 0.227930 0.227930
4901.463867 0.000000 2210.496094 0.000000 0.290414 0.000000 -0.956901 0.246599 0.246599 0.246599
4866.575684 0.000000 2244.017578 0.000000 0.566003 0.000000 -0.824403 0.247827 0.247827 0.247827
4887.935547 0.000000 2239.945801 0.000000 0.683700 0.000000 -0.729763 0.246870 0.246870 0.246870
4895.330566 0.000000 2235.311768 0.000000 0.740469 0.000000 -0.672091 0.245429 0.245429 0.245429
4869.729492 0.000000 2244.919434 0.000000 0.500191 0.000000 -0.865915 0.275911 0.275911 0.275911
4891.966309 0.000000 2212.503662 0.000000 0.344582 0.000000 -0.938756 0.257305 0.257305 0.257305
4882.979980 0.000000 2242.904541 0.000000 0.249950 0.000000 -0.968259 0.292222 0.292222 0.292222
4159.273438 0.000000 2553.187988 0.000000 0.502056 0.000000 -0.864835 0.249226 0.249226 0.249226
4148.916016 0.000000 2549.159912 0.000000 0.423236 0.000000 -0.906019 0.288995 0.288995 0.288995
4173.872070 0.000000 2570.199463 0.000000 0.336166 0.000000 -0.941803 0.256147 0.256147 0.256147
4426.329590 0.000000 2510.017090 0.000000 0.651320 0.000000 -0.758803 0.270470 0.270470 0.270470
4435.640625 0.000000 2510.624268 0.000000 0.729122 0.000000 -0.684384 0.313097 0.313097 0.313097
4433.688477 0.000000 2513.539307 0.000000 0.732880 0.000000 -0.680358 0.300637 0.300637 0.300637
4431.824707 0.000000 2508.759277 0.000000 0.504754 0.000000 -0.863263 0.318452 0.318452 0.318452
4429.642090 0.000000 2506.964111 0.000000 0.495385 0.000000 -0.868674 0.319905 0.319905 0.319905
4432.485352 0.000000 2510.424805 0.000000 0.599266 0.000000 -0.800550 0.312833 0.312833 0.312833
4454.230957 0.000000 2580.325928 0.000000 0.141630 0.000000 -0.989920 0.238600 0.238600 0.238600
4450.932617 0.000000 2595.873779 0.000000 0.091064 0.000000 -0.995845 0.289926 0.289926 0.289926
4453.098633 0.000000 2584.667969 0.000000 0.509562 0.000000 -0.860434 0.258397 0.258397 0.258397
4469.013672 0.000000 2576.443115 0.000000 0.015738 0.000000 -0.999876 0.237203 0.237203 0.237203
4457.656250 0.000000 2581.906738 0.000000 0.098371 0.000000 -0.995150 0.219407 0.219407 0.219407
4455.591309 0.000000 2583.632812 0.000000 0.253659 0.000000 -0.967294 0.245720 0.245720 0.245720
4469.633789 0.000000 2578.854004 0.000000 0.652491 0.000000 -0.757797 0.237007 0.237007 0.237007
4451.522949 0.000000 2586.442871 0.000000 0.807762 0.000000 -0.589508 0.247301 0.247301 0.247301
4511.453613 0.000000 2558.527100 0.000000 0.652473 0.000000 -0.757812 0.205561 0.205561 0.205561
4490.351562 0.000000 2562.675781 0.000000 0.088190 0.000000 -0.996104 0.255693 0.255693 0.255693
4510.952637 0.000000 2561.309082 0.000000 0.260246 0.000000 -0.965542 0.239369 0.239369 0.239369
4527.339355 0.000000 2542.042969 0.000000 0.482280 0.000000 -0.876017 0.253172 0.253172 0.253172
4503.885254 0.000000 2567.576904 0.000000 0.318025 0.000000 -0.948082 0.322745 0.322745 0.322745
4511.888672 0.000000 2563.341064 0.000000 0.574094 0.000000 -0.818790 0.278495 0.278495 0.278495
4519.465820 0.000000 2551.682617 0.000000 0.334659 0.000000 -0.942339 0.288426 0.288426 0.288426
4501.422363 0.000000 2566.151855 0.000000 0.785439 0.000000 -0.618939 0.295731 0.295731 0.295731
4528.748535 0.000000 2543.209229 0.000000 0.130645 0.000000 -0.991429 0.289382 0.289382 0.289382
4487.546875 0.000000 2573.101807 0.000000 0.791635 0.000000 -0.610994 0.294368 0.294368 0.294368
4354.822754 0.000000 2632.249268 0.000000 0.659195 0.000000 -0.751972 0.240551 0.240551 0.240551
4450.900879 0.000000 2598.345947 0.000000 0.143673 0.000000 -0.989625 0.209581 0.209581 0.209581
4425.063965 0.000000 2628.743164 0.000000 0.272993 0.000000 -0.962016 0.246151 0.246151 0.246151
4420.755371 0.000000 2626.153809 0.000000 0.456906 0.000000 -0.889515 0.211639 0.211639 0.211639
4422.724121 0.000000 2631.788818 0.000000 0.054805 0.000000 -0.998497 0.278030 0.278030 0.278030
4451.200195 0.000000 2611.078125 0.000000 0.758863 0.000000 -0.651251 0.249334 0.249334 0.249334
4449.412109 0.000000 2613.238281 0.000000 0.337449 0.000000 -0.941344 0.242357 0.242357 0.242357
4445.096680 0.000000 2598.677490 0.000000 0.787193 0.000000 -0.616707 0.285432 0.285432 0.285432
4443.120117 0.000000 2600.229980 0.000000 0.656252 0.000000 -0.754542 0.279568 0.279568 0.279568
4446.021484 0.000000 2606.548096 0.000000 0.560367 0.000000 -0.828245 0.317178 0.317178 0.317178
4758.628418 0.000000 2458.855225 0.000000 0.535592 0.000000 -0.844477 0.234718 0.234718 0.234718
4761.681152 0.000000 2462.605713 0.000000 0.657420 0.000000 -0.753524 0.219468 0.219468 0.219468
4761.598145 0.000000 2452.459717 0.000000 0.160481 0.000000 -0.987039 0.261945 0.261945 0.261945
4895.758301 0.000000 2289.534668 0.000000 0.213088 0.000000 -0.977033 0.208802 0.208802 0.208802
4898.900879 0.000000 2259.439697 0.000000 0.184593 0.000000 -0.982815 0.210011 0.210011 0.210011
4917.994141 0.000000 2280.661133 0.000000 0.714994 0.000000 -0.699131 0.227800 0.227800 0.227800
4902.535645 0.000000 2288.883057 0.000000 0.310276 0.000000 -0.950646 0.230776 0.230776 0.230776
4923.100586 0.000000 2269.467773 0.000000 0.653255 0.000000 -0.757138 0.220113 0.220113 0.220113
4894.961914 0.000000 2260.336426 0.000000 0.629591 0.000000 -0.776927 0.299161 0.299161 0.299161
4899.200195 0.000000 2272.171875 0.000000 0.724231 0.000000 -0.689557 0.261346 0.261346 0.261346
4890.957520 0.000000 2266.001709 0.000000 0.806242 0.000000 -0.591586 0.311023 0.311023 0.311023
4896.240234 0.000000 2273.344971 0.000000 0.610279 0.000000 -0.792187 0.316231 0.316231 0.316231
4927.163574 0.000000 2348.533936 0.000000 0.745694 0.000000 -0.666289 0.242951 0.242951 0.242951
4956.793945 0.000000 2375.185547 0.000000 0.192244 0.000000 -0.981347 0.208837 0.208837 0.208837
4957.958984 0.000000 2382.544189 0.000000 0.550335 0.000000 -0.834944 0.230286 0.230286 0.230286
5103.447754 0.000000 2667.451416 0.000000 0.146859 0.000000 -0.989157 0.308703 0.308703 0.308703
5096.756348 0.000000 2660.232178 0.000000 0.163236 0.000000 -0.986587 0.264472 0.264472 0.264472
5106.132324 0.000000 2674.186768 0.000000 0.372720 0.000000 -0.927944 0.321993 0.321993 0.321993
5134.604980 0.000000 2645.858154 0.000000 0.139065 0.000000 -0.990283 0.272461 0.272461 0.272461
5173.633789 0.000000 2635.338379 0.000000 0.449920 0.000000 -0.893069 0.257293 0.257293 0.257293
5173.789062 0.000000 2641.725098 0.000000 0.009110 0.000000 -0.999959 0.266235 0.266235 0.266235
5135.590332 0.000000 2650.377686 0.000000 0.065465 0.000000 -0.997855 0.328467 0.328467 0.328467
5139.070801 0.000000 2641.649170 0.000000 0.214513 0.000000 -0.976721 0.289510 0.289510 0.289510
5145.560059 0.000000 2641.454834 0.000000 0.190697 0.000000 -0.981649 0.326336 0.326336 0.326336
5154.559570 0.000000 2631.486816 0.000000 0.332527 0.000000 -0.943094 0.316656 0.316656 0.316656
5134.057129 0.000000 2650.117188 0.000000 0.092396 0.000000 -0.995722 0.327956 0.327956 0.327956
5138.536621 0.000000 2651.750977 0.000000 0.161889 0.000000 -0.986809 0.324258 0.324258 0.324258
5135.453125 0.000000 2647.256348 0.000000 0.763370 0.000000 -0.645962 0.311462 0.311462 0.311462
5159.319336 0.000000 2622.993896 0.000000 0.217625 0.000000 -0.976032 0.325810 0.325810 0.325810
5162.835938 0.000000 2660.771973 0.000000 0.095771 0.000000 -0.995403 0.240931 0.240931 0.240931
5161.676758 0.000000 2672.832520 0.000000 0.335994 0.000000 -0.941864 0.223719 0.223719 0.223719
5140.805176 0.000000 2654.833252 0.000000 0.170543 0.000000 -0.985350 0.261193 0.261193 0.261193
5156.682129 0.000000 2678.554932 0.000000 0.776767 0.000000 -0.629788 0.250230 0.250230 0.250230
5126.912598 0.000000 2654.767334 0.000000 0.017399 0.000000 -0.999849 0.288307 0.288307 0.288307
5137.145996 0.000000 2657.319824 0.000000 0.565189 0.000000 -0.824961 0.279878 0.279878 0.279878
5127.620605 0.000000 2660.994873 0.000000 0.250701 0.000000 -0.968065 0.301880 0.301880 0.301880
5136.728516 0.000000 2654.772217 0.000000 0.712032 0.000000 -0.702147 0.280363 0.280363 0.280363
5137.288086 0.000000 2659.846924 0.000000 0.399755 0.000000 -0.916622 0.321104 0.321104 0.321104
5156.813477 0.000000 2671.919922 0.000000 0.352911 0.000000 -0.935657 0.307947 0.307947 0.307947
5141.555664 0.000000 2658.850586 0.000000 0.327441 0.000000 -0.944872 0.323027 0.323027 0.323027
5153.699219 0.000000 2668.195801 0.000000 0.423602 0.000000 -0.905848 0.321434 0.321434 0.321434
5157.508789 0.000000 2670.154053 0.000000 0.315144 0.000000 -0.949044 0.308581 0.308581 0.308581
5140.029785 0.000000 2658.692383 0.000000 0.670251 0.000000 -0.742135 0.315564 0.315564 0.315564
5164.188965 0.000000 2659.786865 0.000000 0.417841 0.000000 -0.908520 0.311928 0.311928 0.311928
5152.240234 0.000000 2668.735596 0.000000 0.589095 0.000000 -0.808064 0.317793 0.317793 0.317793
5237.994141 0.000000 2676.051758 0.000000 0.648390 0.000000 -0.761308 0.206359 0.206359 0.206359
5235.016113 0.000000 2675.616699 0.000000 0.327592 0.000000 -0.944819 0.238712 0.238712 0.238712
5219.200195 0.000000 2667.562500 0.000000 0.401586 0.000000 -0.915821 0.307752 0.307752 0.307752
5231.447754 0.000000 2667.451416 0.000000 0.230770 0.000000 -0.973008 0.274528 0.274528 0.274528
5217.412109 0.000000 2669.722656 0.000000 0.549564 0.000000 -0.835452 0.247418 0.247418 0.247418
5217.365723 0.000000 2664.940430 0.000000 0.190546 0.000000 -0.981678 0.291786 0.291786 0.291786
5234.516602 0.000000 2670.797119 0.000000 0.609882 0.000000 -0.792492 0.274215 0.274215 0.274215
5282.015137 0.000000 2675.261230 0.000000 0.361314 0.000000 -0.932444 0.213634 0.213634 0.213634
5284.759766 0.000000 2676.141846 0.000000 0.640563 0.000000 -0.767906 0.249291 0.249291 0.249291
5434.520996 0.000000 2652.193848 0.000000 0.677481 0.000000 -0.735540 0.266377 0.266377 0.266377
5448.131348 0.000000 2664.153320 0.000000 0.190513 0.000000 -0.981685 0.312579 0.312579 0.312579
5460.436035 0.000000 2810.006348 0.000000 0.118188 0.000000 -0.992991 0.272715 0.272715 0.272715
5461.917480 0.000000 2811.996582 0.000000 0.770848 0.000000 -0.637020 0.263520 0.263520 0.263520
5462.025391 0.000000 2810.028320 0.000000 0.574094 0.000000 -0.818790 0.317315 0.317315 0.317315
5533.422852 0.000000 2749.801758 0.000000 0.249254 0.000000 -0.968438 0.243876 0.243876 0.243876
5505.118652 0.000000 2755.980225 0.000000 0.439022 0.000000 -0.898476 0.269910 0.269910 0.269910
5540.550293 0.000000 2742.043945 0.000000 0.726793 0.000000 -0.686856 0.278252 0.278252 0.278252
5565.658691 0.000000 2803.050049 0.000000 0.313665 0.000000 -0.949534 0.208469 0.208469 0.208469
5532.431641 0.000000 2775.242188 0.000000 0.634980 0.000000 -0.772529 0.214889 0.214889 0.214889
5478.686523 0.000000 2824.524414 0.000000 0.028387 0.000000 -0.999597 0.217417 0.217417 0.217417
5503.374512 0.000000 2864.314209 0.000000 0.019723 0.000000 -0.999805 0.261583 0.261583 0.261583
5490.572266 0.000000 2905.417725 0.000000 0.527313 0.000000 -0.849671 0.319392 0.319392 0.319392
5566.854492 0.000000 2850.802246 0.000000 0.463614 0.000000 -0.886038 0.270198 0.270198 0.270198
5506.356934 0.000000 2885.601318 0.000000 0.767471 0.000000 -0.641084 0.242614 0.242614 0.242614
"}
