object={
	name="french_dynamic_forestry_objects_generator_1_0"
	clamp_to_water_level=no
	render_under_water=no
	generated_content=yes
	layer="forestry_dynamic"
	pdxmesh="french_forestry_scatter_01_mesh"
	count=11
	transform="4077.516602 0.000000 2669.499023 0.000000 0.768645 0.000000 -0.639675 0.000000 0.000000 0.000000
4127.453613 0.000000 2558.527100 0.000000 0.205170 0.000000 -0.978726 0.000000 0.000000 0.000000
4164.458496 0.000000 2596.262939 0.000000 0.978697 0.000000 0.205308 0.000000 0.000000 0.000000
4303.130859 0.000000 2524.684326 0.000000 0.851845 0.000000 -0.523794 0.000000 0.000000 0.000000
4180.968750 0.000000 2650.406250 0.000000 0.419156 0.000000 -0.907914 0.000000 0.000000 0.000000
4151.638184 0.000000 2670.509033 0.000000 0.187815 0.000000 -0.982204 1.000000 1.000000 1.000000
4147.456055 0.000000 2705.053955 0.000000 0.943673 0.000000 0.330880 0.000000 0.000000 0.000000
4191.453613 0.000000 2671.495850 0.000000 0.934751 0.000000 0.355303 0.000000 0.000000 0.000000
4225.318848 0.000000 2637.169678 0.000000 0.527471 0.000000 0.849573 0.000000 0.000000 0.000000
4226.500488 0.000000 2674.509766 0.000000 0.874006 0.000000 -0.485915 0.000000 0.000000 0.000000
4164.458496 0.000000 2765.716064 0.000000 0.398002 0.000000 -0.917385 0.000000 0.000000 0.000000
"}
