object={
	name="french_dynamic_farmland_objects_generator_1_0"
	clamp_to_water_level=no
	render_under_water=no
	generated_content=yes
	layer="farms_dynamic"
	pdxmesh="french_farm_farmhouse_01_mesh"
	count=249
	transform="4091.211426 0.000000 2571.415039 0.000000 0.962310 0.000000 0.271953 0.000000 0.000000 0.000000
4073.065186 0.000000 2593.502441 0.000000 0.296737 0.000000 0.954959 0.000000 0.000000 0.000000
4090.631836 0.000000 2576.933350 0.000000 0.749228 0.000000 0.662312 1.000000 1.000000 1.000000
4082.798096 0.000000 2578.478027 0.000000 0.595607 0.000000 0.803276 1.000000 1.000000 1.000000
4093.292725 0.000000 2610.840332 0.000000 0.946786 0.000000 0.321864 0.000000 0.000000 0.000000
4082.789307 0.000000 2610.368652 0.000000 0.421686 0.000000 0.906742 0.000000 0.000000 0.000000
4077.943604 0.000000 2600.636230 0.000000 0.936694 0.000000 0.350149 0.000000 0.000000 0.000000
4090.385010 0.000000 2600.873291 0.000000 0.689894 0.000000 0.723910 0.000000 0.000000 0.000000
4089.910400 0.000000 2646.232178 0.000000 0.000452 0.000000 1.000000 0.000000 0.000000 0.000000
4062.953613 0.000000 2654.533691 0.000000 0.796365 0.000000 0.604816 0.000000 0.000000 0.000000
4078.042969 0.000000 2604.135986 0.000000 0.482283 0.000000 0.876015 1.000000 1.000000 1.000000
4087.062500 0.000000 2649.298828 0.000000 0.427821 0.000000 0.903864 1.000000 1.000000 1.000000
4090.462158 0.000000 2615.351318 0.000000 0.424479 0.000000 0.905438 1.000000 1.000000 1.000000
4076.194824 0.000000 2610.358643 0.000000 0.888717 0.000000 0.458456 1.000000 1.000000 1.000000
4016.647949 0.000000 2695.241455 0.000000 0.147235 0.000000 0.989102 0.000000 0.000000 0.000000
3998.953613 0.000000 2711.018066 0.000000 0.203066 0.000000 0.979165 0.000000 0.000000 0.000000
4021.861084 0.000000 2702.832031 0.000000 0.907212 0.000000 0.420674 1.000000 1.000000 1.000000
4050.127686 0.000000 2668.041748 0.000000 0.626645 0.000000 0.779305 0.000000 0.000000 0.000000
4073.563477 0.000000 2681.256592 0.000000 0.775481 0.000000 0.631371 0.000000 0.000000 0.000000
4095.957764 0.000000 2675.664551 0.000000 0.945170 0.000000 0.326579 0.000000 0.000000 0.000000
4036.032471 0.000000 2686.377197 0.000000 0.007345 0.000000 0.999973 0.000000 0.000000 0.000000
4093.212891 0.000000 2680.157471 0.000000 0.892170 0.000000 0.451699 1.000000 1.000000 1.000000
4051.007568 0.000000 2672.843994 0.000000 0.297677 0.000000 0.954667 0.000000 0.000000 0.000000
4049.260010 0.000000 2681.222656 0.000000 0.543294 0.000000 0.839542 0.000000 0.000000 0.000000
4086.382080 0.000000 2684.093262 0.000000 0.049113 0.000000 0.998793 1.000000 1.000000 1.000000
4061.530273 0.000000 2682.058105 0.000000 0.230817 0.000000 0.972997 0.000000 0.000000 0.000000
4072.974609 0.000000 2666.287109 0.000000 0.127382 0.000000 0.991854 0.000000 0.000000 0.000000
4074.835938 0.000000 2660.771973 0.000000 0.907750 0.000000 0.419511 1.000000 1.000000 1.000000
4038.508057 0.000000 2706.856689 0.000000 0.219978 0.000000 0.975505 1.000000 1.000000 1.000000
4092.832764 0.000000 2687.087402 0.000000 0.076217 0.000000 0.997091 1.000000 1.000000 1.000000
4042.072266 0.000000 2710.937744 0.000000 0.115978 0.000000 0.993252 1.000000 1.000000 1.000000
4068.575195 0.000000 2657.154541 0.000000 0.129387 0.000000 0.991594 1.000000 1.000000 1.000000
4061.958740 0.000000 2664.966064 0.000000 0.474358 0.000000 0.880332 1.000000 1.000000 1.000000
4004.045898 0.000000 2716.524902 0.000000 0.407230 0.000000 0.913326 0.000000 0.000000 0.000000
4023.531250 0.000000 2721.853760 0.000000 0.944044 0.000000 0.329820 0.000000 0.000000 0.000000
4030.270020 0.000000 2715.681396 0.000000 0.338021 0.000000 0.941139 0.000000 0.000000 0.000000
4004.575195 0.000000 2713.638916 0.000000 0.847560 0.000000 0.530700 0.000000 0.000000 0.000000
4073.563477 0.000000 2737.740967 0.000000 0.612981 0.000000 0.790098 0.000000 0.000000 0.000000
4062.530029 0.000000 2734.709961 0.000000 0.941686 0.000000 0.336492 0.000000 0.000000 0.000000
4039.914795 0.000000 2713.086914 0.000000 0.957364 0.000000 0.288883 1.000000 1.000000 1.000000
4085.993896 0.000000 2732.536133 0.000000 0.386172 0.000000 0.922427 1.000000 1.000000 1.000000
4093.524170 0.000000 2728.319824 0.000000 0.160113 0.000000 0.987099 1.000000 1.000000 1.000000
4064.426758 0.000000 2723.687744 0.000000 0.499939 0.000000 0.866061 1.000000 1.000000 1.000000
4067.104248 0.000000 2719.791992 0.000000 0.847115 0.000000 0.531410 0.000000 0.000000 0.000000
4091.100830 0.000000 2721.342773 0.000000 0.818595 0.000000 0.574371 1.000000 1.000000 1.000000
4087.819336 0.000000 2730.080811 0.000000 0.744288 0.000000 0.667859 1.000000 1.000000 1.000000
4062.961914 0.000000 2712.211426 0.000000 0.709854 0.000000 0.704349 0.000000 0.000000 0.000000
4052.994385 0.000000 2713.802734 0.000000 0.387814 0.000000 0.921738 1.000000 1.000000 1.000000
4100.458496 0.000000 2596.262939 0.000000 0.310289 0.000000 0.950642 0.000000 0.000000 0.000000
4122.074219 0.000000 2572.313232 0.000000 0.951042 0.000000 0.309062 0.000000 0.000000 0.000000
4134.889160 0.000000 2565.236572 0.000000 0.927262 0.000000 0.374414 0.000000 0.000000 0.000000
4132.620605 0.000000 2588.505371 0.000000 0.479509 0.000000 0.877537 0.000000 0.000000 0.000000
4117.502930 0.000000 2590.115967 0.000000 0.253906 0.000000 0.967229 0.000000 0.000000 0.000000
4125.530273 0.000000 2569.089355 0.000000 0.552207 0.000000 0.833707 0.000000 0.000000 0.000000
4147.759277 0.000000 2573.161621 0.000000 0.416140 0.000000 0.909300 0.000000 0.000000 0.000000
4120.572266 0.000000 2581.261230 0.000000 0.011035 0.000000 0.999939 0.000000 0.000000 0.000000
4143.537109 0.000000 2568.925293 0.000000 0.641611 0.000000 0.767030 1.000000 1.000000 1.000000
4137.676758 0.000000 2559.863770 0.000000 0.247495 0.000000 0.968889 0.000000 0.000000 0.000000
4108.083496 0.000000 2587.310791 0.000000 0.054798 0.000000 0.998497 1.000000 1.000000 1.000000
4103.213379 0.000000 2579.996826 0.000000 0.057028 0.000000 0.998373 1.000000 1.000000 1.000000
4174.007324 0.000000 2572.687012 0.000000 0.187076 0.000000 0.982346 0.000000 0.000000 0.000000
4182.478027 0.000000 2576.690186 0.000000 0.028066 0.000000 0.999606 0.000000 0.000000 0.000000
4207.917480 0.000000 2578.578857 0.000000 0.845523 0.000000 0.533938 0.000000 0.000000 0.000000
4162.356934 0.000000 2546.695068 0.000000 0.809154 0.000000 0.587597 0.000000 0.000000 0.000000
4160.936035 0.000000 2564.406494 0.000000 0.721139 0.000000 0.692790 0.000000 0.000000 0.000000
4259.666992 0.000000 2578.283203 0.000000 0.945878 0.000000 0.324521 1.000000 1.000000 1.000000
4236.526855 0.000000 2564.842773 0.000000 0.925364 0.000000 0.379080 1.000000 1.000000 1.000000
4103.914551 0.000000 2600.118164 0.000000 0.134051 0.000000 0.990974 0.000000 0.000000 0.000000
4114.283691 0.000000 2599.414062 0.000000 0.954632 0.000000 0.297788 0.000000 0.000000 0.000000
4129.099609 0.000000 2632.230957 0.000000 0.615532 0.000000 0.788112 0.000000 0.000000 0.000000
4156.832520 0.000000 2630.603027 0.000000 0.409360 0.000000 0.912373 0.000000 0.000000 0.000000
4100.948730 0.000000 2598.396240 0.000000 0.377767 0.000000 0.925901 0.000000 0.000000 0.000000
4098.356934 0.000000 2603.179443 0.000000 0.878177 0.000000 0.478335 0.000000 0.000000 0.000000
4154.631836 0.000000 2633.417725 0.000000 0.405266 0.000000 0.914199 0.000000 0.000000 0.000000
4108.112305 0.000000 2613.187988 0.000000 0.345269 0.000000 0.938504 0.000000 0.000000 0.000000
4103.437500 0.000000 2653.324951 0.000000 0.890407 0.000000 0.455165 1.000000 1.000000 1.000000
4146.798340 0.000000 2634.962402 0.000000 0.660595 0.000000 0.750742 0.000000 0.000000 0.000000
4132.759766 0.000000 2619.657471 0.000000 0.934036 0.000000 0.357178 1.000000 1.000000 1.000000
4188.793945 0.000000 2601.123047 0.000000 0.792039 0.000000 0.610470 0.000000 0.000000 0.000000
4208.541992 0.000000 2620.866455 0.000000 0.912638 0.000000 0.408769 0.000000 0.000000 0.000000
4192.032227 0.000000 2635.219238 0.000000 0.920575 0.000000 0.390567 0.000000 0.000000 0.000000
4181.208496 0.000000 2638.160400 0.000000 0.894542 0.000000 0.446984 0.000000 0.000000 0.000000
4205.434082 0.000000 2628.010498 0.000000 0.299380 0.000000 0.954134 0.000000 0.000000 0.000000
4186.709961 0.000000 2635.321289 0.000000 0.114516 0.000000 0.993421 0.000000 0.000000 0.000000
4185.237793 0.000000 2604.440186 0.000000 0.422360 0.000000 0.906428 0.000000 0.000000 0.000000
4219.211426 0.000000 2627.899414 0.000000 0.866398 0.000000 0.499354 0.000000 0.000000 0.000000
4160.163086 0.000000 2633.027832 0.000000 0.904377 0.000000 0.426734 1.000000 1.000000 1.000000
4213.013672 0.000000 2632.927490 0.000000 0.732490 0.000000 0.680777 0.000000 0.000000 0.000000
4208.023926 0.000000 2650.816162 0.000000 0.943114 0.000000 0.332471 0.000000 0.000000 0.000000
4201.204590 0.000000 2634.842529 0.000000 0.841130 0.000000 0.540833 1.000000 1.000000 1.000000
4206.042969 0.000000 2604.135986 0.000000 0.942020 0.000000 0.335556 0.000000 0.000000 0.000000
4202.288574 0.000000 2621.428955 0.000000 0.960429 0.000000 0.278525 0.000000 0.000000 0.000000
4185.681152 0.000000 2632.058838 0.000000 0.789809 0.000000 0.613353 0.000000 0.000000 0.000000
4201.967773 0.000000 2628.099121 0.000000 0.253407 0.000000 0.967360 0.000000 0.000000 0.000000
4198.581055 0.000000 2633.405762 0.000000 0.934487 0.000000 0.355998 1.000000 1.000000 1.000000
4190.952637 0.000000 2617.793457 0.000000 0.960926 0.000000 0.276806 0.000000 0.000000 0.000000
4134.230957 0.000000 2693.294678 0.000000 0.095352 0.000000 0.995444 0.000000 0.000000 0.000000
4126.236816 0.000000 2707.295410 0.000000 0.488357 0.000000 0.872644 0.000000 0.000000 0.000000
4152.550781 0.000000 2687.624756 0.000000 0.426103 0.000000 0.904675 0.000000 0.000000 0.000000
4128.032227 0.000000 2691.703613 0.000000 0.947734 0.000000 0.319062 0.000000 0.000000 0.000000
4122.364746 0.000000 2680.326904 0.000000 0.626068 0.000000 0.779769 0.000000 0.000000 0.000000
4126.060547 0.000000 2702.920410 0.000000 0.667416 0.000000 0.744685 0.000000 0.000000 0.000000
4133.098633 0.000000 2697.636719 0.000000 0.405879 0.000000 0.913927 1.000000 1.000000 1.000000
4129.947754 0.000000 2704.239258 0.000000 0.439487 0.000000 0.898249 0.000000 0.000000 0.000000
4143.663086 0.000000 2664.777588 0.000000 0.525337 0.000000 0.850894 0.000000 0.000000 0.000000
4155.981445 0.000000 2709.984863 0.000000 0.528000 0.000000 0.849244 0.000000 0.000000 0.000000
4147.759277 0.000000 2686.130371 0.000000 0.330886 0.000000 0.943671 1.000000 1.000000 1.000000
4123.595215 0.000000 2705.289307 0.000000 0.605087 0.000000 0.796160 0.000000 0.000000 0.000000
4121.661133 0.000000 2657.831787 0.000000 0.730134 0.000000 0.683304 1.000000 1.000000 1.000000
4149.860840 0.000000 2702.832031 0.000000 0.184749 0.000000 0.982786 0.000000 0.000000 0.000000
4155.100586 0.000000 2664.858398 0.000000 0.305791 0.000000 0.952099 1.000000 1.000000 1.000000
4098.356934 0.000000 2659.663818 0.000000 0.340879 0.000000 0.940107 1.000000 1.000000 1.000000
4154.462402 0.000000 2671.835693 0.000000 0.196668 0.000000 0.980470 1.000000 1.000000 1.000000
4113.722656 0.000000 2706.942871 0.000000 0.562615 0.000000 0.826719 1.000000 1.000000 1.000000
4105.604492 0.000000 2682.219971 0.000000 0.470485 0.000000 0.882408 0.000000 0.000000 0.000000
4140.194824 0.000000 2666.843018 0.000000 0.431408 0.000000 0.902157 0.000000 0.000000 0.000000
4125.422852 0.000000 2693.317383 0.000000 0.803790 0.000000 0.594913 1.000000 1.000000 1.000000
4134.581055 0.000000 2689.890137 0.000000 0.713021 0.000000 0.701143 1.000000 1.000000 1.000000
4106.072266 0.000000 2710.937744 0.000000 0.630820 0.000000 0.775929 1.000000 1.000000 1.000000
4129.448730 0.000000 2678.062500 0.000000 0.897319 0.000000 0.441382 1.000000 1.000000 1.000000
4103.437500 0.000000 2709.809326 0.000000 0.141643 0.000000 0.989918 1.000000 1.000000 1.000000
4132.759766 0.000000 2676.141846 0.000000 0.919471 0.000000 0.393158 1.000000 1.000000 1.000000
4113.360840 0.000000 2700.926025 0.000000 0.580099 0.000000 0.814546 1.000000 1.000000 1.000000
4116.094727 0.000000 2670.166504 0.000000 0.869497 0.000000 0.493938 1.000000 1.000000 1.000000
4110.604980 0.000000 2702.342529 0.000000 0.160893 0.000000 0.986972 1.000000 1.000000 1.000000
4153.384766 0.000000 2711.017334 0.000000 0.851436 0.000000 0.524458 1.000000 1.000000 1.000000
4112.186523 0.000000 2673.916992 0.000000 0.536698 0.000000 0.843775 1.000000 1.000000 1.000000
4121.283691 0.000000 2676.383301 0.000000 0.398953 0.000000 0.916971 1.000000 1.000000 1.000000
4097.451660 0.000000 2664.157959 0.000000 0.046446 0.000000 0.998921 1.000000 1.000000 1.000000
4117.235840 0.000000 2674.626709 0.000000 0.337531 0.000000 0.941314 1.000000 1.000000 1.000000
4216.550781 0.000000 2687.624756 0.000000 0.103771 0.000000 0.994601 0.000000 0.000000 0.000000
4194.900879 0.000000 2654.830322 0.000000 0.782684 0.000000 0.622419 0.000000 0.000000 0.000000
4185.621582 0.000000 2702.640381 0.000000 0.235667 0.000000 0.971834 1.000000 1.000000 1.000000
4223.586426 0.000000 2708.200195 0.000000 0.931929 0.000000 0.362641 0.000000 0.000000 0.000000
4169.641113 0.000000 2707.953369 0.000000 0.905425 0.000000 0.424507 0.000000 0.000000 0.000000
4218.511719 0.000000 2675.275635 0.000000 0.112414 0.000000 0.993661 0.000000 0.000000 0.000000
4178.283691 0.000000 2655.898438 0.000000 0.301644 0.000000 0.953421 0.000000 0.000000 0.000000
4160.514160 0.000000 2670.846436 0.000000 0.686235 0.000000 0.727380 0.000000 0.000000 0.000000
4222.419434 0.000000 2696.912842 0.000000 0.802536 0.000000 0.596603 0.000000 0.000000 0.000000
4175.831543 0.000000 2658.937500 0.000000 0.042699 0.000000 0.999088 0.000000 0.000000 0.000000
4207.868652 0.000000 2703.176514 0.000000 0.682157 0.000000 0.731206 1.000000 1.000000 1.000000
4221.507812 0.000000 2704.542480 0.000000 0.466756 0.000000 0.884386 1.000000 1.000000 1.000000
4194.735840 0.000000 2694.418701 0.000000 0.472651 0.000000 0.881250 0.000000 0.000000 0.000000
4207.663086 0.000000 2664.777588 0.000000 0.844226 0.000000 0.535987 0.000000 0.000000 0.000000
4178.579102 0.000000 2709.954590 0.000000 0.662964 0.000000 0.748652 1.000000 1.000000 1.000000
4201.656250 0.000000 2694.875488 0.000000 0.786552 0.000000 0.617524 0.000000 0.000000 0.000000
4211.634277 0.000000 2697.493408 0.000000 0.118359 0.000000 0.992971 1.000000 1.000000 1.000000
4208.918945 0.000000 2669.751709 0.000000 0.166496 0.000000 0.986042 1.000000 1.000000 1.000000
4175.197266 0.000000 2666.398438 0.000000 0.714795 0.000000 0.699334 1.000000 1.000000 1.000000
4195.666992 0.000000 2691.251953 0.000000 0.505827 0.000000 0.862635 1.000000 1.000000 1.000000
4164.948730 0.000000 2654.880615 0.000000 0.268292 0.000000 0.963338 0.000000 0.000000 0.000000
4177.722656 0.000000 2706.942871 0.000000 0.486667 0.000000 0.873588 0.000000 0.000000 0.000000
4160.042480 0.000000 2654.772949 0.000000 0.959188 0.000000 0.282769 1.000000 1.000000 1.000000
4172.112305 0.000000 2669.672363 0.000000 0.515408 0.000000 0.856945 1.000000 1.000000 1.000000
4177.360840 0.000000 2700.926025 0.000000 0.165690 0.000000 0.986178 1.000000 1.000000 1.000000
4174.604980 0.000000 2702.342529 0.000000 0.315975 0.000000 0.948767 1.000000 1.000000 1.000000
4245.705078 0.000000 2681.633301 0.000000 0.832212 0.000000 0.554457 0.000000 0.000000 0.000000
4272.205566 0.000000 2711.224365 0.000000 0.235589 0.000000 0.971853 0.000000 0.000000 0.000000
4254.530273 0.000000 2678.225586 0.000000 0.847227 0.000000 0.531231 0.000000 0.000000 0.000000
4249.621582 0.000000 2702.640381 0.000000 0.864235 0.000000 0.503088 0.000000 0.000000 0.000000
4266.009766 0.000000 2709.702393 0.000000 0.208120 0.000000 0.978103 0.000000 0.000000 0.000000
4228.957520 0.000000 2694.612793 0.000000 0.431520 0.000000 0.902104 1.000000 1.000000 1.000000
4224.009766 0.000000 2696.958252 0.000000 0.934640 0.000000 0.355595 0.000000 0.000000 0.000000
4230.724121 0.000000 2688.273193 0.000000 0.256747 0.000000 0.966479 0.000000 0.000000 0.000000
4247.836426 0.000000 2705.378418 0.000000 0.594901 0.000000 0.803799 0.000000 0.000000 0.000000
4236.457520 0.000000 2706.541504 0.000000 0.878790 0.000000 0.477208 1.000000 1.000000 1.000000
4231.437500 0.000000 2709.809326 0.000000 0.100496 0.000000 0.994937 1.000000 1.000000 1.000000
4247.191895 0.000000 2700.656250 0.000000 0.831399 0.000000 0.555676 0.000000 0.000000 0.000000
4117.705078 0.000000 2738.117676 0.000000 0.802601 0.000000 0.596516 0.000000 0.000000 0.000000
4124.793945 0.000000 2714.091797 0.000000 0.819340 0.000000 0.573308 0.000000 0.000000 0.000000
4110.007324 0.000000 2742.140137 0.000000 0.778925 0.000000 0.627117 0.000000 0.000000 0.000000
4129.210449 0.000000 2756.123291 0.000000 0.126305 0.000000 0.991991 0.000000 0.000000 0.000000
4130.900879 0.000000 2711.314697 0.000000 0.862727 0.000000 0.505670 0.000000 0.000000 0.000000
4105.203613 0.000000 2746.950684 0.000000 0.422203 0.000000 0.906501 0.000000 0.000000 0.000000
4150.816895 0.000000 2712.500732 0.000000 0.160189 0.000000 0.987086 1.000000 1.000000 1.000000
4140.062988 0.000000 2720.239014 0.000000 0.081765 0.000000 0.996652 0.000000 0.000000 0.000000
4151.107910 0.000000 2756.451416 0.000000 0.934412 0.000000 0.356193 0.000000 0.000000 0.000000
4132.045898 0.000000 2716.524902 0.000000 0.349191 0.000000 0.937052 0.000000 0.000000 0.000000
4118.937012 0.000000 2725.677246 0.000000 0.830682 0.000000 0.556747 0.000000 0.000000 0.000000
4157.524414 0.000000 2728.319824 0.000000 0.935998 0.000000 0.352005 1.000000 1.000000 1.000000
4123.131348 0.000000 2727.371094 0.000000 0.757201 0.000000 0.653182 0.000000 0.000000 0.000000
4158.419434 0.000000 2753.397217 0.000000 0.503831 0.000000 0.863802 0.000000 0.000000 0.000000
4144.023926 0.000000 2763.784912 0.000000 0.942119 0.000000 0.335279 1.000000 1.000000 1.000000
4157.507812 0.000000 2761.026855 0.000000 0.804257 0.000000 0.594281 1.000000 1.000000 1.000000
4128.618164 0.000000 2714.615723 0.000000 0.831998 0.000000 0.554778 0.000000 0.000000 0.000000
4125.530273 0.000000 2738.542480 0.000000 0.277245 0.000000 0.960799 1.000000 1.000000 1.000000
4148.003906 0.000000 2714.577637 0.000000 0.541271 0.000000 0.840848 1.000000 1.000000 1.000000
4144.580566 0.000000 2741.690674 0.000000 0.393507 0.000000 0.919322 1.000000 1.000000 1.000000
4138.835938 0.000000 2717.256348 0.000000 0.439582 0.000000 0.898202 1.000000 1.000000 1.000000
4137.967773 0.000000 2741.067871 0.000000 0.689076 0.000000 0.724689 0.000000 0.000000 0.000000
4100.948730 0.000000 2711.364990 0.000000 0.256490 0.000000 0.966547 1.000000 1.000000 1.000000
4105.084961 0.000000 2722.067871 0.000000 0.384055 0.000000 0.923310 1.000000 1.000000 1.000000
4147.016113 0.000000 2732.101074 0.000000 0.941231 0.000000 0.337762 1.000000 1.000000 1.000000
4134.581055 0.000000 2746.374512 0.000000 0.497215 0.000000 0.867627 1.000000 1.000000 1.000000
4096.042480 0.000000 2711.257324 0.000000 0.625373 0.000000 0.780326 1.000000 1.000000 1.000000
4099.820801 0.000000 2725.055420 0.000000 0.766461 0.000000 0.642291 1.000000 1.000000 1.000000
4132.759766 0.000000 2732.626221 0.000000 0.838092 0.000000 0.545528 1.000000 1.000000 1.000000
4216.065918 0.000000 2736.612549 0.000000 0.830666 0.000000 0.556772 0.000000 0.000000 0.000000
4209.272949 0.000000 2744.875000 0.000000 0.396856 0.000000 0.917881 0.000000 0.000000 0.000000
4169.400879 0.000000 2727.369141 0.000000 0.853406 0.000000 0.521247 0.000000 0.000000 0.000000
4180.089355 0.000000 2756.066895 0.000000 0.297970 0.000000 0.954575 0.000000 0.000000 0.000000
4221.292480 0.000000 2723.809082 0.000000 0.632877 0.000000 0.774252 0.000000 0.000000 0.000000
4166.330566 0.000000 2723.346924 0.000000 0.553842 0.000000 0.832622 1.000000 1.000000 1.000000
4164.763672 0.000000 2747.442139 0.000000 0.003963 0.000000 0.999992 0.000000 0.000000 0.000000
4160.163086 0.000000 2745.996582 0.000000 0.889332 0.000000 0.457261 0.000000 0.000000 0.000000
4222.270020 0.000000 2715.681396 0.000000 0.266503 0.000000 0.963834 1.000000 1.000000 1.000000
4163.837402 0.000000 2734.812012 0.000000 0.948761 0.000000 0.315996 0.000000 0.000000 0.000000
4175.831543 0.000000 2715.421875 0.000000 0.909582 0.000000 0.415525 0.000000 0.000000 0.000000
4204.376953 0.000000 2757.517578 0.000000 0.311634 0.000000 0.950202 0.000000 0.000000 0.000000
4202.673340 0.000000 2711.393799 0.000000 0.537486 0.000000 0.843272 1.000000 1.000000 1.000000
4189.530273 0.000000 2738.542480 0.000000 0.385387 0.000000 0.922755 1.000000 1.000000 1.000000
4212.463867 0.000000 2726.331787 0.000000 0.392823 0.000000 0.919614 1.000000 1.000000 1.000000
4171.486816 0.000000 2719.809570 0.000000 0.503889 0.000000 0.863768 1.000000 1.000000 1.000000
4219.100586 0.000000 2721.342773 0.000000 0.173027 0.000000 0.984917 1.000000 1.000000 1.000000
4201.676758 0.000000 2729.316895 0.000000 0.890069 0.000000 0.455827 1.000000 1.000000 1.000000
4162.356934 0.000000 2716.148193 0.000000 0.424485 0.000000 0.905435 1.000000 1.000000 1.000000
4169.084961 0.000000 2722.067871 0.000000 0.627895 0.000000 0.778298 1.000000 1.000000 1.000000
4215.819336 0.000000 2730.080811 0.000000 0.139442 0.000000 0.990230 1.000000 1.000000 1.000000
4169.604492 0.000000 2738.704346 0.000000 0.538971 0.000000 0.842325 1.000000 1.000000 1.000000
4172.526855 0.000000 2734.295898 0.000000 0.765183 0.000000 0.643813 1.000000 1.000000 1.000000
4211.016113 0.000000 2732.101074 0.000000 0.628977 0.000000 0.777424 1.000000 1.000000 1.000000
4177.664551 0.000000 2717.906006 0.000000 0.309711 0.000000 0.950831 1.000000 1.000000 1.000000
4196.759766 0.000000 2732.626221 0.000000 0.890718 0.000000 0.454556 1.000000 1.000000 1.000000
4173.099609 0.000000 2731.026611 0.000000 0.948235 0.000000 0.317569 1.000000 1.000000 1.000000
4190.961914 0.000000 2712.211426 0.000000 0.158508 0.000000 0.987358 1.000000 1.000000 1.000000
4184.795410 0.000000 2739.162109 0.000000 0.252881 0.000000 0.967497 1.000000 1.000000 1.000000
4198.337891 0.000000 2724.986084 0.000000 0.527775 0.000000 0.849384 1.000000 1.000000 1.000000
4176.244141 0.000000 2740.447754 0.000000 0.866281 0.000000 0.499557 1.000000 1.000000 1.000000
4187.635742 0.000000 2734.300293 0.000000 0.400634 0.000000 0.916238 1.000000 1.000000 1.000000
4196.029297 0.000000 2729.802734 0.000000 0.960589 0.000000 0.277974 1.000000 1.000000 1.000000
4185.706543 0.000000 2724.889404 0.000000 0.865490 0.000000 0.500926 1.000000 1.000000 1.000000
4189.958984 0.000000 2721.450439 0.000000 0.479427 0.000000 0.877582 1.000000 1.000000 1.000000
4198.469727 0.000000 2737.843994 0.000000 0.291894 0.000000 0.956451 1.000000 1.000000 1.000000
4174.979980 0.000000 2736.090088 0.000000 0.213429 0.000000 0.976959 1.000000 1.000000 1.000000
4141.943359 0.000000 2770.089355 0.000000 0.413972 0.000000 0.910290 0.000000 0.000000 0.000000
4146.842773 0.000000 2785.604248 0.000000 0.691413 0.000000 0.722459 1.000000 1.000000 1.000000
4143.145508 0.000000 2785.882324 0.000000 0.224524 0.000000 0.974468 0.000000 0.000000 0.000000
4148.463867 0.000000 2782.816162 0.000000 0.300174 0.000000 0.953884 1.000000 1.000000 1.000000
4225.451172 0.000000 2723.425537 0.000000 0.058758 0.000000 0.998272 0.000000 0.000000 0.000000
4238.007324 0.000000 2742.140137 0.000000 0.931989 0.000000 0.362488 0.000000 0.000000 0.000000
4254.530273 0.000000 2734.709961 0.000000 0.318384 0.000000 0.947962 0.000000 0.000000 0.000000
4242.283691 0.000000 2712.382812 0.000000 0.809811 0.000000 0.586690 1.000000 1.000000 1.000000
4274.318359 0.000000 2711.455811 0.000000 0.382841 0.000000 0.923814 0.000000 0.000000 0.000000
4228.755371 0.000000 2739.122559 0.000000 0.912807 0.000000 0.408392 1.000000 1.000000 1.000000
4266.673340 0.000000 2711.393799 0.000000 0.743307 0.000000 0.668950 0.000000 0.000000 0.000000
4227.820801 0.000000 2725.055420 0.000000 0.783108 0.000000 0.621886 0.000000 0.000000 0.000000
4244.094727 0.000000 2726.650879 0.000000 0.291506 0.000000 0.956569 1.000000 1.000000 1.000000
4240.939453 0.000000 2727.178711 0.000000 0.640992 0.000000 0.767547 1.000000 1.000000 1.000000
4240.186523 0.000000 2730.401367 0.000000 0.703101 0.000000 0.711090 1.000000 1.000000 1.000000
"}
object={
	name="french_dynamic_farmland_objects_generator_1_1"
	clamp_to_water_level=no
	render_under_water=no
	generated_content=yes
	layer="farms_dynamic"
	pdxmesh="french_farm_farmhouse_02_mesh"
	count=238
	transform="4073.322754 0.000000 2590.072510 0.000000 0.665723 0.000000 -0.746199 1.000000 1.000000 1.000000
4072.832275 0.000000 2601.782471 0.000000 0.998722 0.000000 0.050543 0.000000 0.000000 0.000000
4076.063232 0.000000 2607.270264 0.000000 0.657534 0.000000 -0.753425 0.000000 0.000000 0.000000
4076.083252 0.000000 2618.342285 0.000000 0.789107 0.000000 -0.614255 0.000000 0.000000 0.000000
4086.173828 0.000000 2604.465576 0.000000 0.845051 0.000000 -0.534686 0.000000 0.000000 0.000000
4085.993896 0.000000 2619.567383 0.000000 0.970133 0.000000 0.242574 0.000000 0.000000 0.000000
4086.382080 0.000000 2627.608887 0.000000 0.549278 0.000000 -0.835640 1.000000 1.000000 1.000000
4085.013428 0.000000 2632.927490 0.000000 0.710474 0.000000 -0.703723 1.000000 1.000000 1.000000
4076.376709 0.000000 2644.548828 0.000000 0.979370 0.000000 -0.202075 1.000000 1.000000 1.000000
4079.663086 0.000000 2608.293213 0.000000 0.990056 0.000000 -0.140677 1.000000 1.000000 1.000000
4079.917480 0.000000 2635.063232 0.000000 0.989020 0.000000 0.147785 1.000000 1.000000 1.000000
4084.014648 0.000000 2607.124512 0.000000 0.704168 0.000000 -0.710034 0.000000 0.000000 0.000000
4087.819336 0.000000 2617.112061 0.000000 0.757407 0.000000 -0.652943 1.000000 1.000000 1.000000
4090.504395 0.000000 2622.040039 0.000000 0.998695 0.000000 -0.051069 1.000000 1.000000 1.000000
4082.798096 0.000000 2634.962402 0.000000 0.996303 0.000000 -0.085911 1.000000 1.000000 1.000000
4089.384521 0.000000 2654.532959 0.000000 0.985932 0.000000 0.167145 0.000000 0.000000 0.000000
4076.352051 0.000000 2615.542236 0.000000 0.922348 0.000000 -0.386359 0.000000 0.000000 0.000000
4001.210205 0.000000 2699.638916 0.000000 0.978901 0.000000 -0.204333 1.000000 1.000000 1.000000
4002.932617 0.000000 2708.842529 0.000000 0.999317 0.000000 -0.036949 1.000000 1.000000 1.000000
4012.376709 0.000000 2701.033203 0.000000 0.505737 0.000000 -0.862688 0.000000 0.000000 0.000000
4027.981689 0.000000 2709.984863 0.000000 0.982397 0.000000 0.186807 0.000000 0.000000 0.000000
4079.722412 0.000000 2699.085205 0.000000 0.755548 0.000000 -0.655093 0.000000 0.000000 0.000000
4062.530029 0.000000 2678.225586 0.000000 0.940108 0.000000 -0.340876 0.000000 0.000000 0.000000
4090.511719 0.000000 2675.275635 0.000000 0.759152 0.000000 -0.650913 1.000000 1.000000 1.000000
4077.433838 0.000000 2684.494873 0.000000 0.674810 0.000000 -0.737991 0.000000 0.000000 0.000000
4044.552734 0.000000 2680.959717 0.000000 0.933793 0.000000 -0.357815 0.000000 0.000000 0.000000
4058.364746 0.000000 2680.326904 0.000000 0.522325 0.000000 -0.852746 0.000000 0.000000 0.000000
4032.156738 0.000000 2709.665771 0.000000 0.764691 0.000000 -0.644397 1.000000 1.000000 1.000000
4083.863525 0.000000 2679.138428 0.000000 0.755312 0.000000 -0.655365 0.000000 0.000000 0.000000
4073.656006 0.000000 2694.875488 0.000000 0.695940 0.000000 -0.718100 0.000000 0.000000 0.000000
4044.457520 0.000000 2706.541504 0.000000 0.787522 0.000000 -0.616287 1.000000 1.000000 1.000000
4083.016113 0.000000 2675.616699 0.000000 0.837281 0.000000 -0.546773 1.000000 1.000000 1.000000
4090.631836 0.000000 2689.902100 0.000000 0.652744 0.000000 -0.757579 1.000000 1.000000 1.000000
4039.437256 0.000000 2709.809326 0.000000 0.695968 0.000000 -0.718072 1.000000 1.000000 1.000000
4062.608887 0.000000 2660.305176 0.000000 0.998633 0.000000 0.052261 1.000000 1.000000 1.000000
4057.706787 0.000000 2668.405029 0.000000 0.999815 0.000000 -0.019222 1.000000 1.000000 1.000000
4000.617920 0.000000 2714.615723 0.000000 0.779029 0.000000 -0.626988 1.000000 1.000000 1.000000
3998.961914 0.000000 2712.211426 0.000000 0.999251 0.000000 -0.038688 1.000000 1.000000 1.000000
4095.957764 0.000000 2732.148926 0.000000 0.802367 0.000000 -0.596831 1.000000 1.000000 1.000000
4064.617920 0.000000 2714.615723 0.000000 0.820735 0.000000 -0.571309 0.000000 0.000000 0.000000
4080.918701 0.000000 2726.236084 0.000000 0.773416 0.000000 -0.633899 0.000000 0.000000 0.000000
4036.948486 0.000000 2711.364990 0.000000 0.985524 0.000000 -0.169536 1.000000 1.000000 1.000000
4090.462158 0.000000 2728.320068 0.000000 0.840260 0.000000 -0.542183 1.000000 1.000000 1.000000
4083.016113 0.000000 2732.101074 0.000000 0.992682 0.000000 -0.120754 1.000000 1.000000 1.000000
4032.042236 0.000000 2711.257324 0.000000 0.977491 0.000000 -0.210977 1.000000 1.000000 1.000000
4068.575195 0.000000 2713.638916 0.000000 0.979869 0.000000 0.199643 1.000000 1.000000 1.000000
4116.089355 0.000000 2586.613770 0.000000 0.773532 0.000000 -0.633757 0.000000 0.000000 0.000000
4128.032227 0.000000 2578.734863 0.000000 0.620587 0.000000 -0.784137 0.000000 0.000000 0.000000
4121.621582 0.000000 2589.671631 0.000000 0.998667 0.000000 -0.051612 0.000000 0.000000 0.000000
4110.953125 0.000000 2595.768555 0.000000 0.998470 0.000000 -0.055297 1.000000 1.000000 1.000000
4158.419434 0.000000 2583.944092 0.000000 0.556693 0.000000 -0.830718 0.000000 0.000000 0.000000
4096.894531 0.000000 2572.096924 0.000000 0.522111 0.000000 -0.852878 0.000000 0.000000 0.000000
4123.595215 0.000000 2592.320557 0.000000 0.957462 0.000000 -0.288559 1.000000 1.000000 1.000000
4144.580566 0.000000 2572.237549 0.000000 0.783185 0.000000 -0.621789 0.000000 0.000000 0.000000
4129.099609 0.000000 2575.746582 0.000000 0.983509 0.000000 -0.180858 0.000000 0.000000 0.000000
4099.510742 0.000000 2588.724854 0.000000 0.967515 0.000000 -0.252814 1.000000 1.000000 1.000000
4113.722656 0.000000 2593.974121 0.000000 0.997341 0.000000 -0.072873 1.000000 1.000000 1.000000
4154.504395 0.000000 2565.555664 0.000000 0.633876 0.000000 -0.773435 1.000000 1.000000 1.000000
4204.760254 0.000000 2580.302002 0.000000 0.993079 0.000000 -0.117450 0.000000 0.000000 0.000000
4172.552734 0.000000 2567.990967 0.000000 0.737927 0.000000 -0.674880 0.000000 0.000000 0.000000
4160.514160 0.000000 2557.877686 0.000000 0.984507 0.000000 0.175346 1.000000 1.000000 1.000000
4163.837402 0.000000 2565.358887 0.000000 0.949377 0.000000 -0.314138 0.000000 0.000000 0.000000
4239.272949 0.000000 2563.715332 0.000000 0.859921 0.000000 -0.510427 0.000000 0.000000 0.000000
4250.074219 0.000000 2572.313232 0.000000 0.740223 0.000000 -0.672361 0.000000 0.000000 0.000000
4227.837402 0.000000 2565.358887 0.000000 0.605938 0.000000 -0.795512 0.000000 0.000000 0.000000
4096.098633 0.000000 2605.230225 0.000000 0.833883 0.000000 -0.551942 0.000000 0.000000 0.000000
4112.971680 0.000000 2647.458252 0.000000 0.631323 0.000000 -0.775520 0.000000 0.000000 0.000000
4141.311035 0.000000 2632.631104 0.000000 0.918145 0.000000 -0.396243 0.000000 0.000000 0.000000
4119.371094 0.000000 2641.295166 0.000000 0.670217 0.000000 -0.742165 1.000000 1.000000 1.000000
4144.580566 0.000000 2628.721924 0.000000 0.985226 0.000000 0.171260 0.000000 0.000000 0.000000
4138.835938 0.000000 2604.287598 0.000000 0.945398 0.000000 -0.325918 0.000000 0.000000 0.000000
4105.278320 0.000000 2648.364746 0.000000 0.998639 0.000000 -0.052148 0.000000 0.000000 0.000000
4099.510742 0.000000 2645.209229 0.000000 0.988673 0.000000 0.150083 1.000000 1.000000 1.000000
4104.667480 0.000000 2603.060547 0.000000 0.991806 0.000000 0.127752 1.000000 1.000000 1.000000
4121.916992 0.000000 2643.047363 0.000000 0.921954 0.000000 -0.387299 1.000000 1.000000 1.000000
4117.934570 0.000000 2653.093262 0.000000 0.993636 0.000000 0.112640 1.000000 1.000000 1.000000
4116.994629 0.000000 2600.833984 0.000000 0.941704 0.000000 -0.336444 1.000000 1.000000 1.000000
4132.029297 0.000000 2616.833984 0.000000 0.618879 0.000000 -0.785487 1.000000 1.000000 1.000000
4191.758301 0.000000 2628.440918 0.000000 0.759489 0.000000 -0.650520 0.000000 0.000000 0.000000
4204.662598 0.000000 2648.861328 0.000000 0.996891 0.000000 0.078793 0.000000 0.000000 0.000000
4185.621582 0.000000 2646.156006 0.000000 0.992930 0.000000 -0.118702 0.000000 0.000000 0.000000
4164.763672 0.000000 2634.473389 0.000000 0.989925 0.000000 -0.141590 0.000000 0.000000 0.000000
4183.371094 0.000000 2641.295166 0.000000 0.576947 0.000000 -0.816782 1.000000 1.000000 1.000000
4164.957520 0.000000 2638.128418 0.000000 0.999173 0.000000 -0.040653 0.000000 0.000000 0.000000
4178.579102 0.000000 2653.470215 0.000000 0.941955 0.000000 -0.335740 0.000000 0.000000 0.000000
4211.402344 0.000000 2652.248535 0.000000 0.983445 0.000000 -0.181206 0.000000 0.000000 0.000000
4169.866211 0.000000 2637.353516 0.000000 0.966114 0.000000 0.258116 0.000000 0.000000 0.000000
4185.916992 0.000000 2643.047363 0.000000 0.931058 0.000000 -0.364871 0.000000 0.000000 0.000000
4169.604492 0.000000 2625.735596 0.000000 0.945752 0.000000 -0.324890 1.000000 1.000000 1.000000
4213.519043 0.000000 2624.906738 0.000000 0.994110 0.000000 0.108375 1.000000 1.000000 1.000000
4103.671387 0.000000 2679.622070 0.000000 0.538616 0.000000 -0.842551 0.000000 0.000000 0.000000
4111.272949 0.000000 2676.684082 0.000000 0.867562 0.000000 -0.497329 1.000000 1.000000 1.000000
4140.760254 0.000000 2693.270752 0.000000 0.567539 0.000000 -0.823347 0.000000 0.000000 0.000000
4157.212891 0.000000 2680.157471 0.000000 0.989282 0.000000 -0.146020 0.000000 0.000000 0.000000
4130.932617 0.000000 2708.842529 0.000000 0.975803 0.000000 0.218651 0.000000 0.000000 0.000000
4155.211426 0.000000 2684.383789 0.000000 0.897224 0.000000 -0.441576 0.000000 0.000000 0.000000
4141.311035 0.000000 2689.115479 0.000000 0.515025 0.000000 -0.857175 1.000000 1.000000 1.000000
4099.837402 0.000000 2678.327637 0.000000 0.645451 0.000000 -0.763802 0.000000 0.000000 0.000000
4102.424805 0.000000 2675.125732 0.000000 0.964448 0.000000 -0.264272 0.000000 0.000000 0.000000
4149.013672 0.000000 2689.411865 0.000000 0.932429 0.000000 -0.361354 0.000000 0.000000 0.000000
4101.464844 0.000000 2659.547607 0.000000 0.816696 0.000000 -0.577069 1.000000 1.000000 1.000000
4130.735840 0.000000 2694.418701 0.000000 0.863787 0.000000 -0.503858 1.000000 1.000000 1.000000
4138.673340 0.000000 2654.909424 0.000000 0.997537 0.000000 0.070138 0.000000 0.000000 0.000000
4144.918945 0.000000 2669.751709 0.000000 0.999089 0.000000 0.042667 0.000000 0.000000 0.000000
4118.628418 0.000000 2684.792725 0.000000 0.864508 0.000000 -0.502619 0.000000 0.000000 0.000000
4121.681152 0.000000 2688.543213 0.000000 0.544074 0.000000 -0.839037 1.000000 1.000000 1.000000
4108.457520 0.000000 2706.541504 0.000000 0.923112 0.000000 -0.384530 1.000000 1.000000 1.000000
4102.507812 0.000000 2706.856689 0.000000 0.850533 0.000000 -0.525922 1.000000 1.000000 1.000000
4100.948730 0.000000 2654.880615 0.000000 0.749315 0.000000 -0.662214 1.000000 1.000000 1.000000
4099.510742 0.000000 2701.693604 0.000000 0.710823 0.000000 -0.703371 1.000000 1.000000 1.000000
4104.667480 0.000000 2659.544922 0.000000 0.550926 0.000000 -0.834554 1.000000 1.000000 1.000000
4108.526855 0.000000 2677.811523 0.000000 0.883165 0.000000 -0.469063 1.000000 1.000000 1.000000
4102.057129 0.000000 2699.703369 0.000000 0.932833 0.000000 -0.360310 1.000000 1.000000 1.000000
4154.504395 0.000000 2678.524414 0.000000 0.988923 0.000000 0.148427 1.000000 1.000000 1.000000
4113.664551 0.000000 2661.421631 0.000000 0.784213 0.000000 -0.620491 1.000000 1.000000 1.000000
4099.820801 0.000000 2668.571045 0.000000 0.999899 0.000000 -0.014199 1.000000 1.000000 1.000000
4109.099609 0.000000 2674.542236 0.000000 0.979477 0.000000 -0.201556 1.000000 1.000000 1.000000
4116.994629 0.000000 2657.318359 0.000000 0.974419 0.000000 0.224740 1.000000 1.000000 1.000000
4126.608887 0.000000 2660.305176 0.000000 0.747542 0.000000 -0.664214 0.000000 0.000000 0.000000
4126.952637 0.000000 2674.277832 0.000000 0.514460 0.000000 -0.857514 1.000000 1.000000 1.000000
4103.213379 0.000000 2692.965576 0.000000 0.854798 0.000000 -0.518961 1.000000 1.000000 1.000000
4123.635742 0.000000 2677.815918 0.000000 0.966919 0.000000 -0.255083 1.000000 1.000000 1.000000
4132.029297 0.000000 2673.318359 0.000000 0.995231 0.000000 -0.097546 1.000000 1.000000 1.000000
4121.706543 0.000000 2668.405029 0.000000 0.998521 0.000000 0.054360 1.000000 1.000000 1.000000
4125.958984 0.000000 2664.966064 0.000000 0.984102 0.000000 0.177603 1.000000 1.000000 1.000000
4134.469727 0.000000 2681.359619 0.000000 0.955751 0.000000 -0.294175 1.000000 1.000000 1.000000
4198.230957 0.000000 2693.294678 0.000000 0.973169 0.000000 0.230092 0.000000 0.000000 0.000000
4215.638184 0.000000 2670.509033 0.000000 0.640939 0.000000 -0.767591 0.000000 0.000000 0.000000
4168.407715 0.000000 2662.577881 0.000000 0.999796 0.000000 -0.020184 0.000000 0.000000 0.000000
4175.272949 0.000000 2676.684082 0.000000 0.708140 0.000000 -0.706072 0.000000 0.000000 0.000000
4183.890625 0.000000 2673.823242 0.000000 0.875421 0.000000 -0.483361 0.000000 0.000000 0.000000
4162.500488 0.000000 2674.509766 0.000000 0.966510 0.000000 0.256630 0.000000 0.000000 0.000000
4193.210449 0.000000 2699.638916 0.000000 0.987473 0.000000 -0.157791 0.000000 0.000000 0.000000
4169.203613 0.000000 2690.466309 0.000000 0.703877 0.000000 -0.710322 0.000000 0.000000 0.000000
4212.365234 0.000000 2694.031982 0.000000 0.745155 0.000000 -0.666892 0.000000 0.000000 0.000000
4221.292480 0.000000 2667.324707 0.000000 0.700193 0.000000 -0.713953 0.000000 0.000000 0.000000
4221.248047 0.000000 2700.767578 0.000000 0.992854 0.000000 0.119338 0.000000 0.000000 0.000000
4210.842773 0.000000 2672.635498 0.000000 0.997330 0.000000 0.073032 0.000000 0.000000 0.000000
4196.276367 0.000000 2688.012451 0.000000 0.983636 0.000000 -0.180169 0.000000 0.000000 0.000000
4172.552734 0.000000 2680.959717 0.000000 0.963241 0.000000 -0.268640 0.000000 0.000000 0.000000
4215.531250 0.000000 2665.369385 0.000000 0.829664 0.000000 -0.558263 0.000000 0.000000 0.000000
4169.063965 0.000000 2685.227539 0.000000 0.663044 0.000000 -0.748581 0.000000 0.000000 0.000000
4204.083496 0.000000 2674.826660 0.000000 0.999981 0.000000 0.006101 0.000000 0.000000 0.000000
4189.392090 0.000000 2699.438965 0.000000 0.984504 0.000000 0.175360 1.000000 1.000000 1.000000
4218.305176 0.000000 2698.747070 0.000000 0.686461 0.000000 -0.727167 1.000000 1.000000 1.000000
4184.572266 0.000000 2694.229980 0.000000 0.578513 0.000000 -0.815673 1.000000 1.000000 1.000000
4201.676758 0.000000 2672.832520 0.000000 0.544768 0.000000 -0.838587 1.000000 1.000000 1.000000
4162.356934 0.000000 2659.663818 0.000000 0.537942 0.000000 -0.842982 0.000000 0.000000 0.000000
4189.422852 0.000000 2693.317383 0.000000 0.973001 0.000000 0.230799 1.000000 1.000000 1.000000
4218.504395 0.000000 2678.524414 0.000000 0.574144 0.000000 -0.818754 1.000000 1.000000 1.000000
4183.191895 0.000000 2700.656250 0.000000 0.601224 0.000000 -0.799080 1.000000 1.000000 1.000000
4184.795410 0.000000 2682.677734 0.000000 0.744400 0.000000 -0.667734 1.000000 1.000000 1.000000
4187.635742 0.000000 2677.815918 0.000000 0.985869 0.000000 -0.167519 1.000000 1.000000 1.000000
4188.947754 0.000000 2684.837402 0.000000 0.998661 0.000000 -0.051739 1.000000 1.000000 1.000000
4185.283691 0.000000 2676.383301 0.000000 0.926088 0.000000 -0.377308 1.000000 1.000000 1.000000
4161.451660 0.000000 2664.157959 0.000000 0.662818 0.000000 -0.748780 1.000000 1.000000 1.000000
4226.500488 0.000000 2618.025391 0.000000 0.531860 0.000000 -0.846832 0.000000 0.000000 0.000000
4227.820801 0.000000 2612.086670 0.000000 0.942786 0.000000 -0.333400 1.000000 1.000000 1.000000
4228.032715 0.000000 2686.377197 0.000000 0.619280 0.000000 -0.785170 0.000000 0.000000 0.000000
4231.979980 0.000000 2696.900879 0.000000 0.944337 0.000000 -0.328981 0.000000 0.000000 0.000000
4268.662598 0.000000 2705.345703 0.000000 0.997996 0.000000 -0.063284 0.000000 0.000000 0.000000
4233.203613 0.000000 2690.466309 0.000000 0.974064 0.000000 0.226274 0.000000 0.000000 0.000000
4260.276367 0.000000 2688.012451 0.000000 0.583793 0.000000 -0.811902 1.000000 1.000000 1.000000
4224.514160 0.000000 2670.846436 0.000000 0.839376 0.000000 -0.543551 0.000000 0.000000 0.000000
4245.502930 0.000000 2703.084717 0.000000 0.773033 0.000000 -0.634366 0.000000 0.000000 0.000000
4247.293457 0.000000 2678.330322 0.000000 0.943185 0.000000 -0.332268 1.000000 1.000000 1.000000
4224.894531 0.000000 2685.065674 0.000000 0.926157 0.000000 -0.377139 1.000000 1.000000 1.000000
4233.278320 0.000000 2704.849121 0.000000 0.839184 0.000000 -0.543848 1.000000 1.000000 1.000000
4227.510742 0.000000 2701.693604 0.000000 0.999277 0.000000 0.038027 1.000000 1.000000 1.000000
4234.072266 0.000000 2710.937744 0.000000 0.997842 0.000000 0.065656 1.000000 1.000000 1.000000
4230.057129 0.000000 2699.703369 0.000000 0.817972 0.000000 -0.575258 0.000000 0.000000 0.000000
4245.934570 0.000000 2709.577637 0.000000 0.884276 0.000000 -0.466964 1.000000 1.000000 1.000000
4237.099609 0.000000 2674.542236 0.000000 0.999979 0.000000 -0.006441 1.000000 1.000000 1.000000
4238.604980 0.000000 2702.342529 0.000000 0.967906 0.000000 0.251311 1.000000 1.000000 1.000000
4252.947754 0.000000 2684.837402 0.000000 0.861833 0.000000 -0.507193 1.000000 1.000000 1.000000
4154.807129 0.000000 2717.904541 0.000000 0.983668 0.000000 0.179993 0.000000 0.000000 0.000000
4127.453613 0.000000 2727.980225 0.000000 0.968738 0.000000 -0.248085 0.000000 0.000000 0.000000
4122.979980 0.000000 2753.082764 0.000000 0.797894 0.000000 -0.602798 0.000000 0.000000 0.000000
4119.890625 0.000000 2730.307617 0.000000 0.625359 0.000000 -0.780338 0.000000 0.000000 0.000000
4147.456055 0.000000 2761.538330 0.000000 0.795806 0.000000 -0.605552 1.000000 1.000000 1.000000
4138.009766 0.000000 2766.186768 0.000000 0.981990 0.000000 0.188933 0.000000 0.000000 0.000000
4122.364746 0.000000 2736.811279 0.000000 0.964888 0.000000 -0.262663 0.000000 0.000000 0.000000
4131.991211 0.000000 2726.976562 0.000000 0.995908 0.000000 -0.090377 0.000000 0.000000 0.000000
4128.426758 0.000000 2723.687744 0.000000 0.820534 0.000000 -0.571598 0.000000 0.000000 0.000000
4113.260254 0.000000 2737.707031 0.000000 0.912523 0.000000 -0.409025 1.000000 1.000000 1.000000
4147.213867 0.000000 2757.507324 0.000000 0.906365 0.000000 -0.422496 0.000000 0.000000 0.000000
4109.506836 0.000000 2747.064453 0.000000 0.943630 0.000000 -0.331004 1.000000 1.000000 1.000000
4143.868652 0.000000 2759.660889 0.000000 0.982043 0.000000 0.188659 0.000000 0.000000 0.000000
4119.293457 0.000000 2734.814697 0.000000 0.984644 0.000000 -0.174572 0.000000 0.000000 0.000000
4147.863281 0.000000 2735.622803 0.000000 0.752565 0.000000 -0.658518 1.000000 1.000000 1.000000
4143.663086 0.000000 2721.261963 0.000000 0.873842 0.000000 -0.486210 0.000000 0.000000 0.000000
4114.230469 0.000000 2749.285645 0.000000 0.900722 0.000000 -0.434396 1.000000 1.000000 1.000000
4154.028320 0.000000 2724.348633 0.000000 0.529004 0.000000 -0.848619 0.000000 0.000000 0.000000
4141.386719 0.000000 2765.957031 0.000000 0.976305 0.000000 0.216398 0.000000 0.000000 0.000000
4120.572266 0.000000 2750.714355 0.000000 0.686013 0.000000 -0.727589 1.000000 1.000000 1.000000
4137.676758 0.000000 2729.316895 0.000000 0.993998 0.000000 -0.109397 0.000000 0.000000 0.000000
4105.604492 0.000000 2738.704346 0.000000 0.999999 0.000000 -0.001133 0.000000 0.000000 0.000000
4125.422852 0.000000 2749.801758 0.000000 0.766489 0.000000 -0.642258 0.000000 0.000000 0.000000
4115.991699 0.000000 2744.477539 0.000000 0.729820 0.000000 -0.683640 1.000000 1.000000 1.000000
4154.631836 0.000000 2746.386475 0.000000 0.995986 0.000000 0.089504 1.000000 1.000000 1.000000
4157.032715 0.000000 2733.437988 0.000000 0.857319 0.000000 -0.514785 1.000000 1.000000 1.000000
4129.448730 0.000000 2734.546875 0.000000 0.500203 0.000000 -0.865908 1.000000 1.000000 1.000000
4109.099609 0.000000 2731.026611 0.000000 0.970888 0.000000 -0.239533 1.000000 1.000000 1.000000
4149.519043 0.000000 2737.875488 0.000000 0.839833 0.000000 -0.542845 1.000000 1.000000 1.000000
4121.706543 0.000000 2724.889404 0.000000 0.960566 0.000000 -0.278054 1.000000 1.000000 1.000000
4191.453613 0.000000 2727.980225 0.000000 0.647514 0.000000 -0.762054 0.000000 0.000000 0.000000
4207.722656 0.000000 2755.569580 0.000000 0.994274 0.000000 -0.106858 0.000000 0.000000 0.000000
4160.098633 0.000000 2718.198975 0.000000 0.746509 0.000000 -0.665375 0.000000 0.000000 0.000000
4205.943359 0.000000 2713.604980 0.000000 0.586677 0.000000 -0.809821 1.000000 1.000000 1.000000
4167.914551 0.000000 2713.086914 0.000000 0.607907 0.000000 -0.794008 0.000000 0.000000 0.000000
4196.045898 0.000000 2716.524902 0.000000 0.996562 0.000000 0.082851 0.000000 0.000000 0.000000
4221.524414 0.000000 2728.319824 0.000000 0.942803 0.000000 -0.333352 0.000000 0.000000 0.000000
4190.060547 0.000000 2759.404785 0.000000 0.977987 0.000000 -0.208667 0.000000 0.000000 0.000000
4192.426758 0.000000 2723.687744 0.000000 0.730297 0.000000 -0.683130 0.000000 0.000000 0.000000
4187.932617 0.000000 2731.519531 0.000000 0.979058 0.000000 -0.203583 1.000000 1.000000 1.000000
4160.514160 0.000000 2727.330811 0.000000 0.924348 0.000000 -0.381550 0.000000 0.000000 0.000000
4160.156738 0.000000 2766.150146 0.000000 0.970554 0.000000 0.240885 0.000000 0.000000 0.000000
4198.686523 0.000000 2711.555664 0.000000 0.999664 0.000000 -0.025917 1.000000 1.000000 1.000000
4218.028320 0.000000 2724.348633 0.000000 0.997059 0.000000 -0.076640 0.000000 0.000000 0.000000
4182.628418 0.000000 2741.277100 0.000000 0.789140 0.000000 -0.614214 1.000000 1.000000 1.000000
4192.449219 0.000000 2737.245361 0.000000 0.558109 0.000000 -0.829767 1.000000 1.000000 1.000000
4185.661133 0.000000 2714.316162 0.000000 0.998040 0.000000 0.062581 0.000000 0.000000 0.000000
4185.916992 0.000000 2756.016113 0.000000 0.604833 0.000000 -0.796352 0.000000 0.000000 0.000000
4190.608887 0.000000 2716.789551 0.000000 0.906644 0.000000 -0.421897 1.000000 1.000000 1.000000
4190.952637 0.000000 2730.762207 0.000000 0.999657 0.000000 0.026202 1.000000 1.000000 1.000000
4204.352051 0.000000 2728.510986 0.000000 0.714745 0.000000 -0.699385 1.000000 1.000000 1.000000
4185.283691 0.000000 2732.867676 0.000000 0.911241 0.000000 -0.411874 1.000000 1.000000 1.000000
4158.624512 0.000000 2776.554443 0.000000 0.991332 0.000000 0.131379 0.000000 0.000000 0.000000
4155.100586 0.000000 2777.827148 0.000000 0.562090 0.000000 -0.827076 1.000000 1.000000 1.000000
4236.978516 0.000000 2711.986084 0.000000 0.846013 0.000000 -0.533162 0.000000 0.000000 0.000000
4228.047852 0.000000 2719.600098 0.000000 0.937096 0.000000 -0.349072 0.000000 0.000000 0.000000
4229.464844 0.000000 2716.031982 0.000000 0.844149 0.000000 -0.536108 0.000000 0.000000 0.000000
4253.020508 0.000000 2724.080322 0.000000 0.996227 0.000000 -0.086786 0.000000 0.000000 0.000000
4224.894531 0.000000 2741.550049 0.000000 0.756642 0.000000 -0.653830 0.000000 0.000000 0.000000
4233.604492 0.000000 2738.704346 0.000000 0.992829 0.000000 -0.119539 1.000000 1.000000 1.000000
4241.664551 0.000000 2717.906006 0.000000 0.855219 0.000000 -0.518267 1.000000 1.000000 1.000000
4244.994629 0.000000 2713.802734 0.000000 0.889811 0.000000 -0.456330 1.000000 1.000000 1.000000
4249.283691 0.000000 2732.867676 0.000000 0.986955 0.000000 -0.160998 1.000000 1.000000 1.000000
"}
object={
	name="french_dynamic_farmland_objects_generator_1_2"
	clamp_to_water_level=no
	render_under_water=no
	generated_content=yes
	layer="farms_dynamic"
	pdxmesh="windmill_01_mesh"
	count=85
	transform="4087.060791 0.000000 2583.396484 0.000000 0.339632 0.000000 -0.940558 1.000000 1.000000 1.000000
4087.531250 0.000000 2608.885010 0.000000 0.096345 0.000000 -0.995348 0.000000 0.000000 0.000000
4076.412598 0.000000 2640.554932 0.000000 0.123457 0.000000 -0.992350 1.000000 1.000000 1.000000
4074.673340 0.000000 2598.425049 0.000000 0.299902 0.000000 -0.953970 1.000000 1.000000 1.000000
4073.065186 0.000000 2649.986816 0.000000 0.213947 0.000000 -0.976845 0.000000 0.000000 0.000000
4085.861084 0.000000 2646.347656 0.000000 0.455592 0.000000 -0.890189 1.000000 1.000000 1.000000
4093.032959 0.000000 2620.469238 0.000000 0.377215 0.000000 -0.926126 1.000000 1.000000 1.000000
4080.746582 0.000000 2601.518799 0.000000 0.340124 0.000000 -0.940380 1.000000 1.000000 1.000000
4016.024170 0.000000 2707.300537 0.000000 0.369647 0.000000 -0.929172 0.000000 0.000000 0.000000
4060.793701 0.000000 2657.607422 0.000000 0.140118 0.000000 -0.990135 0.000000 0.000000 0.000000
4063.758545 0.000000 2684.925293 0.000000 0.328042 0.000000 -0.944663 0.000000 0.000000 0.000000
4067.764893 0.000000 2680.612793 0.000000 0.394005 0.000000 -0.919108 0.000000 0.000000 0.000000
4091.100830 0.000000 2664.858398 0.000000 0.335970 0.000000 -0.941873 1.000000 1.000000 1.000000
4090.462158 0.000000 2671.835693 0.000000 0.170191 0.000000 -0.985411 1.000000 1.000000 1.000000
4068.759766 0.000000 2676.141846 0.000000 0.231974 0.000000 -0.972722 0.000000 0.000000 0.000000
4090.511719 0.000000 2731.760010 0.000000 0.104579 0.000000 -0.994517 1.000000 1.000000 1.000000
4057.661133 0.000000 2714.316162 0.000000 0.443422 0.000000 -0.896313 0.000000 0.000000 0.000000
4130.735840 0.000000 2581.449951 0.000000 0.370736 0.000000 -0.928738 0.000000 0.000000 0.000000
4147.863281 0.000000 2566.169678 0.000000 0.376714 0.000000 -0.926329 1.000000 1.000000 1.000000
4121.681152 0.000000 2575.574463 0.000000 0.342759 0.000000 -0.939423 0.000000 0.000000 0.000000
4137.967773 0.000000 2571.614746 0.000000 0.489545 0.000000 -0.871978 1.000000 1.000000 1.000000
4134.469727 0.000000 2568.390869 0.000000 0.358291 0.000000 -0.933610 1.000000 1.000000 1.000000
4162.500488 0.000000 2561.541016 0.000000 0.268383 0.000000 -0.963312 1.000000 1.000000 1.000000
4146.584961 0.000000 2626.175537 0.000000 0.456960 0.000000 -0.889487 0.000000 0.000000 0.000000
4131.991211 0.000000 2614.007812 0.000000 0.295669 0.000000 -0.955290 1.000000 1.000000 1.000000
4137.967773 0.000000 2628.099121 0.000000 0.049593 0.000000 -0.998770 1.000000 1.000000 1.000000
4102.507812 0.000000 2650.372314 0.000000 0.262320 0.000000 -0.964981 1.000000 1.000000 1.000000
4106.072266 0.000000 2654.453369 0.000000 0.340287 0.000000 -0.940322 1.000000 1.000000 1.000000
4119.191895 0.000000 2644.171875 0.000000 0.404175 0.000000 -0.914682 1.000000 1.000000 1.000000
4153.384766 0.000000 2654.532959 0.000000 0.276440 0.000000 -0.961031 1.000000 1.000000 1.000000
4208.205566 0.000000 2654.739990 0.000000 0.065503 0.000000 -0.997852 0.000000 0.000000 0.000000
4183.191895 0.000000 2644.171875 0.000000 0.245257 0.000000 -0.969458 0.000000 0.000000 0.000000
4167.213379 0.000000 2636.481201 0.000000 0.368394 0.000000 -0.929670 0.000000 0.000000 0.000000
4108.552734 0.000000 2680.959717 0.000000 0.376676 0.000000 -0.926345 0.000000 0.000000 0.000000
4125.237305 0.000000 2688.287842 0.000000 0.111497 0.000000 -0.993765 0.000000 0.000000 0.000000
4104.908691 0.000000 2700.665527 0.000000 0.476281 0.000000 -0.879293 1.000000 1.000000 1.000000
4144.647949 0.000000 2695.241455 0.000000 0.314847 0.000000 -0.949142 0.000000 0.000000 0.000000
4137.204590 0.000000 2691.326904 0.000000 0.327493 0.000000 -0.944854 1.000000 1.000000 1.000000
4143.917480 0.000000 2691.547607 0.000000 0.007834 0.000000 -0.999969 0.000000 0.000000 0.000000
4137.967773 0.000000 2684.583496 0.000000 0.256441 0.000000 -0.966560 1.000000 1.000000 1.000000
4105.278320 0.000000 2704.849121 0.000000 0.089605 0.000000 -0.995977 1.000000 1.000000 1.000000
4105.084961 0.000000 2665.583496 0.000000 0.316300 0.000000 -0.948659 1.000000 1.000000 1.000000
4121.916992 0.000000 2699.531738 0.000000 0.312925 0.000000 -0.949778 1.000000 1.000000 1.000000
4115.991699 0.000000 2687.993164 0.000000 0.350571 0.000000 -0.936536 1.000000 1.000000 1.000000
4108.083496 0.000000 2700.279541 0.000000 0.113386 0.000000 -0.993551 1.000000 1.000000 1.000000
4112.939453 0.000000 2670.694336 0.000000 0.478941 0.000000 -0.877847 1.000000 1.000000 1.000000
4215.107910 0.000000 2699.967041 0.000000 0.075389 0.000000 -0.997154 0.000000 0.000000 0.000000
4195.991211 0.000000 2670.492188 0.000000 0.490715 0.000000 -0.871320 0.000000 0.000000 0.000000
4208.023926 0.000000 2707.300537 0.000000 0.172397 0.000000 -0.985028 1.000000 1.000000 1.000000
4192.618164 0.000000 2658.131348 0.000000 0.415611 0.000000 -0.909542 1.000000 1.000000 1.000000
4183.836426 0.000000 2705.378418 0.000000 0.301789 0.000000 -0.953375 1.000000 1.000000 1.000000
4207.537109 0.000000 2681.894043 0.000000 0.113823 0.000000 -0.993501 1.000000 1.000000 1.000000
4168.667480 0.000000 2659.544922 0.000000 0.047755 0.000000 -0.998859 1.000000 1.000000 1.000000
4181.934570 0.000000 2709.577637 0.000000 0.487286 0.000000 -0.873242 0.000000 0.000000 0.000000
4198.337891 0.000000 2668.501709 0.000000 0.055881 0.000000 -0.998437 1.000000 1.000000 1.000000
4229.119141 0.000000 2614.715576 0.000000 0.310159 0.000000 -0.950685 0.000000 0.000000 0.000000
4240.971680 0.000000 2703.942627 0.000000 0.428603 0.000000 -0.903493 0.000000 0.000000 0.000000
4228.763672 0.000000 2690.957764 0.000000 0.446463 0.000000 -0.894802 1.000000 1.000000 1.000000
4262.535645 0.000000 2684.273682 0.000000 0.337756 0.000000 -0.941234 0.000000 0.000000 0.000000
4242.579102 0.000000 2709.954590 0.000000 0.489514 0.000000 -0.871995 0.000000 0.000000 0.000000
4141.516602 0.000000 2725.983398 0.000000 0.407994 0.000000 -0.912984 0.000000 0.000000 0.000000
4140.662598 0.000000 2761.830078 0.000000 0.077808 0.000000 -0.996968 0.000000 0.000000 0.000000
4136.015625 0.000000 2718.878662 0.000000 0.493298 0.000000 -0.869860 1.000000 1.000000 1.000000
4153.910645 0.000000 2759.200928 0.000000 0.445765 0.000000 -0.895150 1.000000 1.000000 1.000000
4142.042969 0.000000 2717.104736 0.000000 0.096568 0.000000 -0.995326 1.000000 1.000000 1.000000
4107.406250 0.000000 2744.320801 0.000000 0.024985 0.000000 -0.999688 1.000000 1.000000 1.000000
4147.759277 0.000000 2742.614746 0.000000 0.010657 0.000000 -0.999943 1.000000 1.000000 1.000000
4098.356934 0.000000 2716.148193 0.000000 0.182570 0.000000 -0.983193 1.000000 1.000000 1.000000
4154.462402 0.000000 2728.320068 0.000000 0.267598 0.000000 -0.963531 1.000000 1.000000 1.000000
4096.936035 0.000000 2733.859619 0.000000 0.000471 0.000000 -1.000000 1.000000 1.000000 1.000000
4144.746582 0.000000 2714.487549 0.000000 0.096083 0.000000 -0.995373 1.000000 1.000000 1.000000
4146.798340 0.000000 2747.931152 0.000000 0.012825 0.000000 -0.999918 1.000000 1.000000 1.000000
4097.451660 0.000000 2720.642334 0.000000 0.354012 0.000000 -0.935241 1.000000 1.000000 1.000000
4200.832520 0.000000 2714.751221 0.000000 0.325951 0.000000 -0.945387 0.000000 0.000000 0.000000
4160.254883 0.000000 2758.390869 0.000000 0.288906 0.000000 -0.957357 0.000000 0.000000 0.000000
4169.203613 0.000000 2746.950684 0.000000 0.465626 0.000000 -0.884982 0.000000 0.000000 0.000000
4174.953125 0.000000 2765.221680 0.000000 0.241424 0.000000 -0.970420 0.000000 0.000000 0.000000
4208.647949 0.000000 2751.725830 0.000000 0.318887 0.000000 -0.947793 1.000000 1.000000 1.000000
4195.104004 0.000000 2719.791992 0.000000 0.059790 0.000000 -0.998211 1.000000 1.000000 1.000000
4168.667480 0.000000 2716.029297 0.000000 0.285045 0.000000 -0.958514 1.000000 1.000000 1.000000
4160.936035 0.000000 2733.859619 0.000000 0.319201 0.000000 -0.947687 1.000000 1.000000 1.000000
4188.947754 0.000000 2741.321777 0.000000 0.437484 0.000000 -0.899226 1.000000 1.000000 1.000000
4148.003906 0.000000 2771.062012 0.000000 0.226496 0.000000 -0.974012 0.000000 0.000000 0.000000
4249.706543 0.000000 2724.889404 0.000000 0.343803 0.000000 -0.939042 1.000000 1.000000 1.000000
4245.235840 0.000000 2731.111084 0.000000 0.370323 0.000000 -0.928903 1.000000 1.000000 1.000000
"}
