object={
	name="french_dynamic_forestry_objects_generator_2_0"
	clamp_to_water_level=no
	render_under_water=no
	generated_content=yes
	layer="forestry_dynamic"
	pdxmesh="generic_forestry_lumberpile_02_mesh"
	count=120
	transform="12.978472 0.000000 0.735984 0.000000 0.220413 0.000000 0.975407 0.000000 0.000000 0.000000
140.978470 0.000000 0.735984 0.000000 0.377296 0.000000 -0.926093 0.000000 0.000000 0.000000
396.978485 0.000000 0.735984 0.000000 0.683384 0.000000 0.730059 0.000000 0.000000 0.000000
972.978455 0.000000 0.735984 0.000000 0.555343 0.000000 -0.831622 0.000000 0.000000 0.000000
1100.978516 0.000000 0.735984 0.000000 0.242264 0.000000 -0.970210 0.000000 0.000000 0.000000
1164.978516 0.000000 0.735984 0.000000 0.731949 0.000000 0.681359 0.000000 0.000000 0.000000
1356.978516 0.000000 0.735984 0.000000 0.485525 0.000000 0.874223 0.000000 0.000000 0.000000
1484.978516 0.000000 0.735984 0.000000 0.741145 0.000000 0.671345 0.000000 0.000000 0.000000
2700.978516 0.000000 0.735984 0.000000 0.986611 0.000000 0.163090 0.000000 0.000000 0.000000
3020.978516 0.000000 0.735984 0.000000 0.993440 0.000000 -0.114354 0.000000 0.000000 0.000000
3084.978516 0.000000 0.735984 0.000000 0.155734 0.000000 -0.987799 0.000000 0.000000 0.000000
3148.978516 0.000000 0.735984 0.000000 0.973582 0.000000 0.228339 0.000000 0.000000 0.000000
3852.978516 0.000000 0.735984 0.000000 0.898480 0.000000 0.439015 0.000000 0.000000 0.000000
4062.530029 0.000000 2565.256836 0.000000 0.652146 0.000000 -0.758094 0.000000 0.000000 0.000000
4076.662354 0.000000 2592.376953 0.000000 0.051320 0.000000 -0.998682 0.000000 0.000000 0.000000
4073.385498 0.000000 2574.715088 0.000000 0.138222 0.000000 0.990401 0.000000 0.000000 0.000000
4080.024170 0.000000 2594.331787 0.000000 0.486250 0.000000 0.873820 0.000000 0.000000 0.000000
4090.637451 0.000000 2568.730469 0.000000 0.796551 0.000000 -0.604571 0.000000 0.000000 0.000000
4088.096680 0.000000 2569.440918 0.000000 0.967531 0.000000 -0.252753 0.000000 0.000000 0.000000
4077.516602 0.000000 2613.014648 0.000000 0.972001 0.000000 0.234978 0.000000 0.000000 0.000000
4005.982422 0.000000 2705.027344 0.000000 0.734339 0.000000 0.678783 0.000000 0.000000 0.000000
4058.073975 0.000000 2685.281982 0.000000 0.995460 0.000000 0.095177 0.000000 0.000000 0.000000
4070.535645 0.000000 2684.273682 0.000000 0.885075 0.000000 -0.465448 0.000000 0.000000 0.000000
4087.819336 0.000000 2673.596436 0.000000 0.041914 0.000000 -0.999121 0.000000 0.000000 0.000000
4055.191895 0.000000 2700.656250 0.000000 0.200898 0.000000 -0.979612 0.000000 0.000000 0.000000
4108.978516 0.000000 0.735984 0.000000 0.425336 0.000000 0.905036 0.000000 0.000000 0.000000
4172.978516 0.000000 0.735984 0.000000 0.984474 0.000000 -0.175531 0.000000 0.000000 0.000000
4556.978516 0.000000 0.735984 0.000000 0.489410 0.000000 -0.872054 0.000000 0.000000 0.000000
4684.978516 0.000000 0.735984 0.000000 0.749439 0.000000 -0.662073 0.000000 0.000000 0.000000
5068.978516 0.000000 0.735984 0.000000 0.647662 0.000000 0.761928 0.000000 0.000000 0.000000
5580.978516 0.000000 0.735984 0.000000 0.223025 0.000000 0.974813 0.000000 0.000000 0.000000
5900.978516 0.000000 0.735984 0.000000 0.999093 0.000000 -0.042582 0.000000 0.000000 0.000000
6348.978516 0.000000 0.735984 0.000000 0.914105 0.000000 -0.405477 0.000000 0.000000 0.000000
6412.978516 0.000000 0.735984 0.000000 0.817208 0.000000 -0.576343 0.000000 0.000000 0.000000
6604.978516 0.000000 0.735984 0.000000 0.561161 0.000000 -0.827706 0.000000 0.000000 0.000000
6668.978516 0.000000 0.735984 0.000000 0.995737 0.000000 -0.092234 0.000000 0.000000 0.000000
6732.978516 0.000000 0.735984 0.000000 0.781575 0.000000 -0.623811 0.000000 0.000000 0.000000
6924.978516 0.000000 0.735984 0.000000 0.934994 0.000000 -0.354663 0.000000 0.000000 0.000000
6988.978516 0.000000 0.735984 0.000000 0.980814 0.000000 -0.194947 0.000000 0.000000 0.000000
7180.978516 0.000000 0.735984 0.000000 0.171136 0.000000 0.985247 0.000000 0.000000 0.000000
7372.978516 0.000000 0.735984 0.000000 0.633786 0.000000 -0.773509 0.000000 0.000000 0.000000
7948.978516 0.000000 0.735984 0.000000 0.323985 0.000000 0.946062 0.000000 0.000000 0.000000
8012.978516 0.000000 0.735984 0.000000 0.388834 0.000000 -0.921308 0.000000 0.000000 0.000000
4117.705078 0.000000 2568.664551 0.000000 0.815474 0.000000 -0.578794 0.000000 0.000000 0.000000
4143.722656 0.000000 2586.116455 0.000000 0.638555 0.000000 -0.769576 0.000000 0.000000 0.000000
4129.210449 0.000000 2586.670166 0.000000 0.034079 0.000000 0.999419 0.000000 0.000000 0.000000
4140.760254 0.000000 2580.302002 0.000000 0.983187 0.000000 -0.182600 0.000000 0.000000 0.000000
4157.212891 0.000000 2567.188721 0.000000 0.908377 0.000000 0.418152 0.000000 0.000000 0.000000
4122.709961 0.000000 2578.836914 0.000000 0.713263 0.000000 -0.700896 0.000000 0.000000 0.000000
4130.015137 0.000000 2562.292480 0.000000 0.683335 0.000000 0.730105 0.000000 0.000000 0.000000
4101.119141 0.000000 2558.231201 0.000000 0.615765 0.000000 -0.787930 0.000000 0.000000 0.000000
4102.424805 0.000000 2562.156982 0.000000 0.338759 0.000000 0.940873 0.000000 0.000000 0.000000
4143.145508 0.000000 2559.944824 0.000000 0.623853 0.000000 0.781542 0.000000 0.000000 0.000000
4118.628418 0.000000 2571.823975 0.000000 0.976743 0.000000 -0.214412 0.000000 0.000000 0.000000
4151.819336 0.000000 2560.627686 0.000000 0.818417 0.000000 -0.574625 0.000000 0.000000 0.000000
4140.352051 0.000000 2559.057861 0.000000 0.999326 0.000000 -0.036701 0.000000 0.000000 0.000000
4150.158691 0.000000 2573.856689 0.000000 0.999653 0.000000 0.026329 0.000000 0.000000 0.000000
4100.756836 0.000000 2560.590088 0.000000 0.536068 0.000000 -0.844175 0.000000 0.000000 0.000000
4138.638672 0.000000 2592.229492 0.000000 0.218356 0.000000 -0.975869 0.000000 0.000000 0.000000
4148.679199 0.000000 2561.486084 0.000000 0.977793 0.000000 0.209573 0.000000 0.000000 0.000000
4180.968750 0.000000 2593.921875 0.000000 0.352687 0.000000 -0.935741 0.000000 0.000000 0.000000
4201.385742 0.000000 2574.715088 0.000000 0.188558 0.000000 -0.982062 0.000000 0.000000 0.000000
4166.507812 0.000000 2593.887939 0.000000 0.014160 0.000000 0.999900 0.000000 0.000000 0.000000
4162.552734 0.000000 2597.873047 0.000000 0.726326 0.000000 -0.687351 0.000000 0.000000 0.000000
4162.269043 0.000000 2595.230713 0.000000 0.987052 0.000000 0.160401 0.000000 0.000000 0.000000
4164.679688 0.000000 2594.411865 0.000000 0.665829 0.000000 0.746104 0.000000 0.000000 0.000000
4124.793945 0.000000 2601.123047 0.000000 0.622418 0.000000 -0.782685 0.000000 0.000000 0.000000
4159.487305 0.000000 2628.509033 0.000000 0.831631 0.000000 -0.555328 0.000000 0.000000 0.000000
4130.900879 0.000000 2598.345947 0.000000 0.925510 0.000000 -0.378724 0.000000 0.000000 0.000000
4122.709961 0.000000 2635.321289 0.000000 0.304401 0.000000 -0.952544 0.000000 0.000000 0.000000
4123.528320 0.000000 2632.820557 0.000000 0.291856 0.000000 0.956462 0.000000 0.000000 0.000000
4223.487305 0.000000 2628.509033 0.000000 0.999687 0.000000 -0.025009 0.000000 0.000000 0.000000
4212.365234 0.000000 2637.547607 0.000000 0.004421 0.000000 0.999990 0.000000 0.000000 0.000000
4170.351562 0.000000 2619.160156 0.000000 0.987664 0.000000 -0.156589 0.000000 0.000000 0.000000
4192.426758 0.000000 2610.718994 0.000000 0.996302 0.000000 -0.085922 0.000000 0.000000 0.000000
4165.464844 0.000000 2603.063232 0.000000 0.957589 0.000000 0.288139 0.000000 0.000000 0.000000
4178.190430 0.000000 2607.803467 0.000000 0.702284 0.000000 -0.711897 0.000000 0.000000 0.000000
4175.197266 0.000000 2609.914062 0.000000 0.955255 0.000000 0.295785 0.000000 0.000000 0.000000
4164.948730 0.000000 2598.396240 0.000000 0.935326 0.000000 0.353787 0.000000 0.000000 0.000000
4179.894531 0.000000 2606.052979 0.000000 0.888784 0.000000 -0.458326 0.000000 0.000000 0.000000
4196.550293 0.000000 2629.075195 0.000000 0.143730 0.000000 0.989617 0.000000 0.000000 0.000000
4223.374512 0.000000 2638.376709 0.000000 0.937797 0.000000 0.347185 0.000000 0.000000 0.000000
4196.916016 0.000000 2626.343750 0.000000 0.808240 0.000000 0.588853 0.000000 0.000000 0.000000
4176.098633 0.000000 2608.040771 0.000000 0.590525 0.000000 0.807019 0.000000 0.000000 0.000000
4177.219727 0.000000 2609.739990 0.000000 0.898361 0.000000 0.439258 0.000000 0.000000 0.000000
4179.236816 0.000000 2609.604248 0.000000 0.493371 0.000000 -0.869819 0.000000 0.000000 0.000000
4199.989746 0.000000 2624.185059 0.000000 0.995736 0.000000 -0.092248 1.000000 1.000000 1.000000
4141.516602 0.000000 2669.499023 0.000000 0.675846 0.000000 -0.737043 0.000000 0.000000 0.000000
4144.205566 0.000000 2711.224365 0.000000 0.379037 0.000000 -0.925381 0.000000 0.000000 0.000000
4140.083496 0.000000 2674.826660 0.000000 0.990896 0.000000 -0.134626 0.000000 0.000000 0.000000
4141.375000 0.000000 2679.687256 0.000000 0.712027 0.000000 0.702152 0.000000 0.000000 0.000000
4148.463867 0.000000 2669.847412 0.000000 0.873642 0.000000 0.486569 0.000000 0.000000 0.000000
4151.819336 0.000000 2673.596436 0.000000 0.096151 0.000000 -0.995367 0.000000 0.000000 0.000000
4153.678223 0.000000 2669.887207 0.000000 0.871574 0.000000 -0.490264 0.000000 0.000000 0.000000
4149.449707 0.000000 2704.657227 0.000000 0.600396 0.000000 0.799703 0.000000 0.000000 0.000000
4200.832520 0.000000 2658.266846 0.000000 0.176655 0.000000 -0.984273 0.000000 0.000000 0.000000
4208.541992 0.000000 2677.350830 0.000000 0.752252 0.000000 0.658876 0.000000 0.000000 0.000000
4205.943359 0.000000 2657.120605 0.000000 0.713365 0.000000 -0.700792 0.000000 0.000000 0.000000
4178.230469 0.000000 2692.801270 0.000000 0.998660 0.000000 -0.051748 0.000000 0.000000 0.000000
4210.798340 0.000000 2691.446777 0.000000 0.999570 0.000000 0.029338 0.000000 0.000000 0.000000
4198.469727 0.000000 2681.359619 0.000000 0.594230 0.000000 -0.804295 0.000000 0.000000 0.000000
4222.582031 0.000000 2669.632812 0.000000 0.685441 0.000000 0.728128 0.000000 0.000000 0.000000
4182.604004 0.000000 2693.295166 0.000000 0.198395 0.000000 -0.980122 0.000000 0.000000 0.000000
4224.009766 0.000000 2640.473877 0.000000 0.535914 0.000000 0.844272 0.000000 0.000000 0.000000
4225.318848 0.000000 2693.654053 0.000000 0.967665 0.000000 -0.252240 0.000000 0.000000 0.000000
4231.671387 0.000000 2679.622070 0.000000 0.032654 0.000000 0.999467 0.000000 0.000000 0.000000
4226.396484 0.000000 2656.627686 0.000000 0.683186 0.000000 -0.730244 0.000000 0.000000 0.000000
4164.755371 0.000000 2739.122559 0.000000 0.041457 0.000000 -0.999140 0.000000 0.000000 0.000000
4166.395508 0.000000 2741.305664 0.000000 0.897204 0.000000 -0.441617 0.000000 0.000000 0.000000
4164.384766 0.000000 2762.022705 0.000000 0.381529 0.000000 -0.924357 0.000000 0.000000 0.000000
4167.143066 0.000000 2738.634521 0.000000 0.968428 0.000000 0.249293 1.000000 1.000000 1.000000
4140.062988 0.000000 2776.723389 0.000000 0.013579 0.000000 0.999908 0.000000 0.000000 0.000000
4143.663086 0.000000 2777.746338 0.000000 0.995825 0.000000 0.091287 0.000000 0.000000 0.000000
4142.042969 0.000000 2773.589111 0.000000 0.872608 0.000000 -0.488421 0.000000 0.000000 0.000000
4144.746582 0.000000 2770.971924 0.000000 0.290389 0.000000 0.956909 0.000000 0.000000 0.000000
4233.400879 0.000000 2727.369141 0.000000 0.823080 0.000000 0.567925 0.000000 0.000000 0.000000
4226.500488 0.000000 2730.994141 0.000000 0.999597 0.000000 0.028402 0.000000 0.000000 0.000000
4255.826172 0.000000 2719.372314 0.000000 0.130443 0.000000 -0.991456 0.000000 0.000000 0.000000
4259.991211 0.000000 2726.976562 0.000000 0.512250 0.000000 -0.858837 0.000000 0.000000 0.000000
4229.119141 0.000000 2727.684326 0.000000 0.933861 0.000000 0.357636 0.000000 0.000000 0.000000
"}
