object={
	name="iceberg_generator_1_0"
	clamp_to_water_level=yes
	render_under_water=yes
	generated_content=yes
	layer="semidynamic"
	pdxmesh="iceberg_01_mesh"
	count=106
	transform="3265.017578 0.000000 139.661804 0.000000 0.373014 0.000000 0.927826 1.000000 1.000000 1.000000
3274.351318 0.000000 133.847717 0.000000 0.789833 0.000000 0.613322 1.000000 1.000000 1.000000
791.491882 0.000000 3446.178467 0.000000 0.699074 0.000000 0.715050 1.000000 1.000000 1.000000
1428.968506 0.000000 3497.671875 0.000000 0.898528 0.000000 0.438917 1.000000 1.000000 1.000000
1444.045898 0.000000 3507.306152 0.000000 0.527303 0.000000 0.849677 1.000000 1.000000 1.000000
1634.015015 0.000000 3353.073730 0.000000 0.429135 0.000000 0.903240 1.000000 1.000000 1.000000
1763.764893 0.000000 3358.425293 0.000000 0.949340 0.000000 0.314251 1.000000 1.000000 1.000000
1754.074097 0.000000 3363.094482 0.000000 0.058712 0.000000 0.998275 1.000000 1.000000 1.000000
2042.368286 0.000000 3215.051025 0.000000 0.224611 0.000000 0.974448 1.000000 1.000000 1.000000
1962.009521 0.000000 3387.514893 0.000000 0.765858 0.000000 0.643010 1.000000 1.000000 1.000000
1927.979980 0.000000 3431.197754 0.000000 0.818540 0.000000 0.574449 1.000000 1.000000 1.000000
1923.505249 0.000000 3432.488770 0.000000 0.870562 0.000000 0.492059 1.000000 1.000000 1.000000
1999.130981 0.000000 3428.434326 0.000000 0.915759 0.000000 0.401728 1.000000 1.000000 1.000000
1794.396606 0.000000 3560.377686 0.000000 0.016005 0.000000 0.999872 1.000000 1.000000 1.000000
1962.009521 0.000000 3556.968018 0.000000 0.883898 0.000000 0.467679 1.000000 1.000000 1.000000
2047.487305 0.000000 3532.259033 0.000000 0.776276 0.000000 0.630394 1.000000 1.000000 1.000000
1970.318481 0.000000 3558.721436 0.000000 0.783962 0.000000 0.620809 1.000000 1.000000 1.000000
2540.760498 0.000000 3032.177002 0.000000 0.260381 0.000000 0.965506 1.000000 1.000000 1.000000
2662.231201 0.000000 3032.200928 0.000000 0.671734 0.000000 0.740792 1.000000 1.000000 1.000000
2674.842529 0.000000 3011.541748 0.000000 0.666541 0.000000 0.745469 1.000000 1.000000 1.000000
2697.203857 0.000000 2972.888184 0.000000 0.702683 0.000000 0.711503 1.000000 1.000000 1.000000
2604.063232 0.000000 3059.145264 0.000000 0.326039 0.000000 0.945356 1.000000 1.000000 1.000000
2644.569336 0.000000 3055.542725 0.000000 0.939906 0.000000 0.341433 1.000000 1.000000 1.000000
2592.032227 0.000000 3143.578613 0.000000 0.405274 0.000000 0.914195 1.000000 1.000000 1.000000
2173.658936 0.000000 3198.440674 0.000000 0.493635 0.000000 0.869669 1.000000 1.000000 1.000000
2160.205322 0.000000 3276.068115 0.000000 0.137479 0.000000 0.990505 1.000000 1.000000 1.000000
2190.953369 0.000000 3217.096680 0.000000 0.846884 0.000000 0.531778 1.000000 1.000000 1.000000
2126.007324 0.000000 3306.983887 0.000000 0.711619 0.000000 0.702566 1.000000 1.000000 1.000000
2148.276123 0.000000 3309.340576 0.000000 0.721789 0.000000 0.692113 1.000000 1.000000 1.000000
2121.063721 0.000000 3306.555664 0.000000 0.916851 0.000000 0.399230 1.000000 1.000000 1.000000
2329.237549 0.000000 3225.768311 0.000000 0.182854 0.000000 0.983140 1.000000 1.000000 1.000000
2325.668701 0.000000 3229.398193 0.000000 0.835062 0.000000 0.550156 1.000000 1.000000 1.000000
2412.662354 0.000000 3270.189453 0.000000 0.200682 0.000000 0.979656 1.000000 1.000000 1.000000
2537.385498 0.000000 3196.043213 0.000000 0.783708 0.000000 0.621129 1.000000 1.000000 1.000000
2532.276123 0.000000 3196.371826 0.000000 0.776384 0.000000 0.630260 1.000000 1.000000 1.000000
2335.453613 0.000000 3349.308350 0.000000 0.029805 0.000000 0.999556 1.000000 1.000000 1.000000
2444.978516 0.000000 3333.314209 0.000000 0.848121 0.000000 0.529802 1.000000 1.000000 1.000000
2226.585205 0.000000 3416.956787 0.000000 0.339056 0.000000 0.940766 1.000000 1.000000 1.000000
2277.982422 0.000000 3439.324219 0.000000 0.646083 0.000000 0.763268 1.000000 1.000000 1.000000
2252.978516 0.000000 3446.282959 0.000000 0.485002 0.000000 0.874513 1.000000 1.000000 1.000000
2242.396484 0.000000 3447.408936 0.000000 0.093278 0.000000 0.995640 1.000000 1.000000 1.000000
2544.541992 0.000000 3411.647705 0.000000 0.145112 0.000000 0.989415 1.000000 1.000000 1.000000
2490.544434 0.000000 3485.969971 0.000000 0.635674 0.000000 0.771958 1.000000 1.000000 1.000000
2470.231201 0.000000 3484.075928 0.000000 0.558105 0.000000 0.829770 1.000000 1.000000 1.000000
2488.551025 0.000000 3478.406006 0.000000 0.933397 0.000000 0.358846 1.000000 1.000000 1.000000
2476.662354 0.000000 3496.126953 0.000000 0.710907 0.000000 0.703286 1.000000 1.000000 1.000000
2510.873047 0.000000 3453.593994 0.000000 0.556761 0.000000 0.830673 1.000000 1.000000 1.000000
2335.825928 0.000000 3566.637939 0.000000 0.633404 0.000000 0.773821 1.000000 1.000000 1.000000
2329.237549 0.000000 3564.674561 0.000000 0.909552 0.000000 0.415589 1.000000 1.000000 1.000000
2614.864258 0.000000 3218.123535 0.000000 0.264606 0.000000 0.964357 1.000000 1.000000 1.000000
2927.722412 0.000000 3207.444580 0.000000 0.415872 0.000000 0.909423 1.000000 1.000000 1.000000
2879.487305 0.000000 3306.321533 0.000000 0.431043 0.000000 0.902331 1.000000 1.000000 1.000000
2906.122314 0.000000 3286.902100 0.000000 0.173336 0.000000 0.984863 1.000000 1.000000 1.000000
2894.873047 0.000000 3284.140869 0.000000 0.405270 0.000000 0.914197 1.000000 1.000000 1.000000
2901.668701 0.000000 3285.882568 0.000000 0.900344 0.000000 0.435179 1.000000 1.000000 1.000000
2912.426758 0.000000 3288.531494 0.000000 0.918937 0.000000 0.394405 1.000000 1.000000 1.000000
2882.396484 0.000000 3334.440186 0.000000 0.560774 0.000000 0.827969 1.000000 1.000000 1.000000
2887.914795 0.000000 3334.415039 0.000000 0.897268 0.000000 0.441486 1.000000 1.000000 1.000000
2850.932617 0.000000 3443.139404 0.000000 0.617291 0.000000 0.786735 1.000000 1.000000 1.000000
2914.015137 0.000000 3466.042480 0.000000 0.845750 0.000000 0.533580 1.000000 1.000000 1.000000
2951.671631 0.000000 3413.918945 0.000000 0.266188 0.000000 0.963921 1.000000 1.000000 1.000000
2946.396484 0.000000 3447.408936 0.000000 0.567935 0.000000 0.823074 1.000000 1.000000 1.000000
2877.292725 0.000000 3514.590332 0.000000 0.947811 0.000000 0.318834 1.000000 1.000000 1.000000
2842.364746 0.000000 3527.592529 0.000000 0.821972 0.000000 0.569528 1.000000 1.000000 1.000000
2835.771729 0.000000 3524.656738 0.000000 0.916125 0.000000 0.400893 1.000000 1.000000 1.000000
2877.524170 0.000000 3519.101074 0.000000 0.150604 0.000000 0.988594 1.000000 1.000000 1.000000
2847.334473 0.000000 3543.016602 0.000000 0.596443 0.000000 0.802655 1.000000 1.000000 1.000000
2836.569336 0.000000 3563.902100 0.000000 0.491685 0.000000 0.870773 1.000000 1.000000 1.000000
2839.491943 0.000000 3559.147217 0.000000 0.602682 0.000000 0.797981 1.000000 1.000000 1.000000
3072.255127 0.000000 3097.297119 0.000000 0.920361 0.000000 0.391070 1.000000 1.000000 1.000000
3116.662354 0.000000 3100.736328 0.000000 0.246973 0.000000 0.969022 1.000000 1.000000 1.000000
3121.519043 0.000000 3112.970215 0.000000 0.733162 0.000000 0.680054 1.000000 1.000000 1.000000
3133.248291 0.000000 3152.642578 0.000000 0.283557 0.000000 0.958955 1.000000 1.000000 1.000000
3133.212891 0.000000 3132.032471 0.000000 0.759768 0.000000 0.650194 1.000000 1.000000 1.000000
3141.119141 0.000000 3179.559326 0.000000 0.799386 0.000000 0.600818 1.000000 1.000000 1.000000
3159.491943 0.000000 3220.240967 0.000000 0.510848 0.000000 0.859671 1.000000 1.000000 1.000000
3231.453613 0.000000 3292.823975 0.000000 0.265460 0.000000 0.964122 1.000000 1.000000 1.000000
3250.789307 0.000000 3288.181152 0.000000 0.033240 0.000000 0.999447 1.000000 1.000000 1.000000
3235.991211 0.000000 3291.820312 0.000000 0.756347 0.000000 0.654171 1.000000 1.000000 1.000000
3305.563477 0.000000 3302.584717 0.000000 0.171984 0.000000 0.985100 1.000000 1.000000 1.000000
3322.368164 0.000000 3328.019775 0.000000 0.840420 0.000000 0.541936 1.000000 1.000000 1.000000
3325.248291 0.000000 3322.095703 0.000000 0.834490 0.000000 0.551024 1.000000 1.000000 1.000000
3327.586426 0.000000 3329.528320 0.000000 0.837012 0.000000 0.547185 1.000000 1.000000 1.000000
3278.220459 0.000000 3293.174561 0.000000 0.217525 0.000000 0.976055 1.000000 1.000000 1.000000
3386.544434 0.000000 3373.001221 0.000000 0.798404 0.000000 0.602123 1.000000 1.000000 1.000000
3412.089355 0.000000 3377.395020 0.000000 0.500262 0.000000 0.865874 1.000000 1.000000 1.000000
3395.505127 0.000000 3376.004395 0.000000 0.342708 0.000000 0.939442 1.000000 1.000000 1.000000
3447.637939 0.000000 3461.290283 0.000000 0.213045 0.000000 0.977042 1.000000 1.000000 1.000000
3546.709961 0.000000 3426.102539 0.000000 0.643283 0.000000 0.765629 1.000000 1.000000 1.000000
3463.914795 0.000000 3447.383789 0.000000 0.524566 0.000000 0.851370 1.000000 1.000000 1.000000
3574.173828 0.000000 3451.731201 0.000000 0.196266 0.000000 0.980551 1.000000 1.000000 1.000000
3579.211426 0.000000 3475.165039 0.000000 0.878218 0.000000 0.478261 1.000000 1.000000 1.000000
3464.407471 0.000000 3509.843506 0.000000 0.312243 0.000000 0.950002 1.000000 1.000000 1.000000
3458.500488 0.000000 3521.775391 0.000000 0.414953 0.000000 0.909843 1.000000 1.000000 1.000000
3510.816650 0.000000 3503.281982 0.000000 0.791784 0.000000 0.610801 1.000000 1.000000 1.000000
3470.873047 0.000000 3510.078369 0.000000 0.068668 0.000000 0.997640 1.000000 1.000000 1.000000
3470.220459 0.000000 3519.112061 0.000000 0.527598 0.000000 0.849494 1.000000 1.000000 1.000000
3467.929443 0.000000 3514.037109 0.000000 0.884719 0.000000 0.466126 1.000000 1.000000 1.000000
3477.668701 0.000000 3511.820068 0.000000 0.057787 0.000000 0.998329 1.000000 1.000000 1.000000
3522.396484 0.000000 3560.377686 0.000000 0.769955 0.000000 0.638098 1.000000 1.000000 1.000000
3527.914795 0.000000 3560.352539 0.000000 0.921612 0.000000 0.388112 1.000000 1.000000 1.000000
3586.396484 0.000000 3503.893311 0.000000 0.936566 0.000000 0.350492 1.000000 1.000000 1.000000
3592.407471 0.000000 3509.843506 0.000000 0.636993 0.000000 0.770870 1.000000 1.000000 1.000000
3584.098633 0.000000 3508.980225 0.000000 0.852650 0.000000 0.522483 1.000000 1.000000 1.000000
4735.958008 0.000000 3466.445801 0.000000 0.087566 0.000000 0.996159 1.000000 1.000000 1.000000
4745.203613 0.000000 3481.247559 0.000000 0.801639 0.000000 0.597809 1.000000 1.000000 1.000000
"}
object={
	name="iceberg_generator_1_1"
	clamp_to_water_level=yes
	render_under_water=yes
	generated_content=yes
	layer="semidynamic"
	pdxmesh="iceberg_02_mesh"
	count=78
	transform="3253.993896 0.000000 134.254898 0.000000 0.842311 0.000000 -0.538992 1.000000 1.000000 1.000000
802.900940 0.000000 3445.611572 0.000000 0.995960 0.000000 -0.089798 1.000000 1.000000 1.000000
1935.130981 0.000000 3428.434326 0.000000 0.953125 0.000000 0.302578 1.000000 1.000000 1.000000
1956.276123 0.000000 3422.309326 0.000000 0.902401 0.000000 -0.430898 1.000000 1.000000 1.000000
1995.959473 0.000000 3437.553467 0.000000 0.967580 0.000000 -0.252564 1.000000 1.000000 1.000000
2823.671631 0.000000 2849.075195 0.000000 0.990049 0.000000 -0.140725 1.000000 1.000000 1.000000
2586.979736 0.000000 3035.504639 0.000000 0.843771 0.000000 -0.536704 1.000000 1.000000 1.000000
2657.210205 0.000000 3038.545166 0.000000 0.971815 0.000000 0.235745 1.000000 1.000000 1.000000
2665.385498 0.000000 3026.590088 0.000000 0.827202 0.000000 -0.561905 1.000000 1.000000 1.000000
2192.971924 0.000000 3212.302002 0.000000 0.911889 0.000000 -0.410436 1.000000 1.000000 1.000000
2230.864258 0.000000 3218.123535 0.000000 0.997896 0.000000 0.064837 1.000000 1.000000 1.000000
2198.477783 0.000000 3254.502686 0.000000 0.958103 0.000000 -0.286425 1.000000 1.000000 1.000000
2202.073975 0.000000 3250.125732 0.000000 0.952478 0.000000 -0.304606 1.000000 1.000000 1.000000
2194.283447 0.000000 3220.742188 0.000000 0.945463 0.000000 -0.325730 1.000000 1.000000 1.000000
2133.705078 0.000000 3302.961426 0.000000 0.999842 0.000000 0.017785 1.000000 1.000000 1.000000
2130.817383 0.000000 3306.537598 0.000000 0.847914 0.000000 -0.530134 1.000000 1.000000 1.000000
2207.758545 0.000000 3306.253418 0.000000 0.937118 0.000000 -0.349013 1.000000 1.000000 1.000000
2212.276123 0.000000 3309.340576 0.000000 0.997721 0.000000 0.067477 1.000000 1.000000 1.000000
2185.063721 0.000000 3306.555664 0.000000 0.981341 0.000000 -0.192273 1.000000 1.000000 1.000000
2180.763672 0.000000 3312.285889 0.000000 0.994998 0.000000 -0.099899 1.000000 1.000000 1.000000
2362.807129 0.000000 3226.263916 0.000000 0.997768 0.000000 0.066779 1.000000 1.000000 1.000000
2540.760498 0.000000 3201.630127 0.000000 0.994773 0.000000 -0.102114 1.000000 1.000000 1.000000
2426.544434 0.000000 3373.001221 0.000000 0.984310 0.000000 0.176447 1.000000 1.000000 1.000000
2559.957764 0.000000 3296.992676 0.000000 0.965407 0.000000 -0.260748 1.000000 1.000000 1.000000
2557.212891 0.000000 3301.485596 0.000000 0.835401 0.000000 -0.549640 1.000000 1.000000 1.000000
2092.662354 0.000000 3496.126953 0.000000 0.852625 0.000000 -0.522523 1.000000 1.000000 1.000000
2278.231201 0.000000 3427.591553 0.000000 0.954639 0.000000 0.297764 1.000000 1.000000 1.000000
2291.456055 0.000000 3439.350830 0.000000 0.870552 0.000000 -0.492077 1.000000 1.000000 1.000000
2249.640869 0.000000 3442.250244 0.000000 0.977361 0.000000 -0.211578 1.000000 1.000000 1.000000
2285.516602 0.000000 3460.280273 0.000000 0.976662 0.000000 0.214783 1.000000 1.000000 1.000000
2247.914795 0.000000 3447.383789 0.000000 0.843596 0.000000 -0.536978 1.000000 1.000000 1.000000
2334.060547 0.000000 3437.217285 0.000000 0.871218 0.000000 -0.490896 1.000000 1.000000 1.000000
2540.760498 0.000000 3427.567627 0.000000 0.904486 0.000000 -0.426504 1.000000 1.000000 1.000000
2549.993896 0.000000 3410.348633 0.000000 0.963712 0.000000 -0.266946 1.000000 1.000000 1.000000
2540.083252 0.000000 3465.607910 0.000000 0.961546 0.000000 -0.274643 1.000000 1.000000 1.000000
2517.668701 0.000000 3455.335693 0.000000 0.993929 0.000000 0.110023 1.000000 1.000000 1.000000
2399.453613 0.000000 3518.761475 0.000000 0.959117 0.000000 0.283011 1.000000 1.000000 1.000000
2685.524170 0.000000 3293.163574 0.000000 0.999097 0.000000 0.042487 1.000000 1.000000 1.000000
2591.758545 0.000000 3362.737793 0.000000 0.945822 0.000000 -0.324685 1.000000 1.000000 1.000000
2595.764893 0.000000 3358.425293 0.000000 0.934901 0.000000 -0.354909 1.000000 1.000000 1.000000
2906.979736 0.000000 3261.442139 0.000000 0.896876 0.000000 -0.442282 1.000000 1.000000 1.000000
2916.276123 0.000000 3252.856201 0.000000 0.973685 0.000000 0.227898 1.000000 1.000000 1.000000
2906.709961 0.000000 3256.649414 0.000000 0.960941 0.000000 0.276752 1.000000 1.000000 1.000000
2895.273193 0.000000 3298.012207 0.000000 0.885603 0.000000 -0.464443 1.000000 1.000000 1.000000
2882.500488 0.000000 3295.837891 0.000000 0.892852 0.000000 -0.450349 1.000000 1.000000 1.000000
2892.552734 0.000000 3302.287842 0.000000 0.990801 0.000000 -0.135330 1.000000 1.000000 1.000000
2891.929443 0.000000 3288.099609 0.000000 0.894795 0.000000 -0.446477 1.000000 1.000000 1.000000
2888.407471 0.000000 3340.390381 0.000000 0.998012 0.000000 -0.063020 1.000000 1.000000 1.000000
2896.971924 0.000000 3381.755127 0.000000 0.970211 0.000000 -0.242260 1.000000 1.000000 1.000000
2563.505127 0.000000 3432.488770 0.000000 0.966655 0.000000 0.256083 1.000000 1.000000 1.000000
2910.530029 0.000000 3469.006836 0.000000 0.915292 0.000000 -0.402792 1.000000 1.000000 1.000000
2944.255127 0.000000 3436.203369 0.000000 0.996901 0.000000 0.078665 1.000000 1.000000 1.000000
2881.451416 0.000000 3514.206787 0.000000 0.998780 0.000000 0.049382 1.000000 1.000000 1.000000
2916.045898 0.000000 3507.306152 0.000000 0.971415 0.000000 0.237388 1.000000 1.000000 1.000000
3110.231201 0.000000 3088.685303 0.000000 0.974735 0.000000 -0.223364 1.000000 1.000000 1.000000
3075.505127 0.000000 3093.582520 0.000000 0.933927 0.000000 -0.357464 1.000000 1.000000 1.000000
3130.544434 0.000000 3147.063721 0.000000 0.981189 0.000000 0.193051 1.000000 1.000000 1.000000
3128.065674 0.000000 3132.003174 0.000000 0.991919 0.000000 0.126873 1.000000 1.000000 1.000000
3130.368164 0.000000 3158.566650 0.000000 0.964604 0.000000 0.263703 1.000000 1.000000 1.000000
3122.318359 0.000000 3106.846436 0.000000 0.994667 0.000000 0.103134 1.000000 1.000000 1.000000
3169.210205 0.000000 3207.998291 0.000000 0.821660 0.000000 -0.569978 1.000000 1.000000 1.000000
3157.705078 0.000000 3246.477051 0.000000 0.909850 0.000000 -0.414937 1.000000 1.000000 1.000000
3238.893555 0.000000 3295.541016 0.000000 0.968672 0.000000 -0.248344 1.000000 1.000000 1.000000
3337.400879 0.000000 3348.697266 0.000000 0.986570 0.000000 0.163336 1.000000 1.000000 1.000000
3353.505615 0.000000 3386.349854 0.000000 0.901993 0.000000 -0.431752 1.000000 1.000000 1.000000
3333.119141 0.000000 3349.012451 0.000000 0.923407 0.000000 -0.383822 1.000000 1.000000 1.000000
3351.491943 0.000000 3389.694092 0.000000 0.883863 0.000000 -0.467746 1.000000 1.000000 1.000000
3446.816650 0.000000 3446.797607 0.000000 0.977805 0.000000 0.209515 1.000000 1.000000 1.000000
3458.396484 0.000000 3390.924561 0.000000 0.999987 0.000000 -0.005127 1.000000 1.000000 1.000000
3558.231201 0.000000 3427.591553 0.000000 0.943814 0.000000 -0.330477 1.000000 1.000000 1.000000
3458.396484 0.000000 3447.408936 0.000000 0.991088 0.000000 -0.133208 1.000000 1.000000 1.000000
3529.400879 0.000000 3461.666016 0.000000 0.964519 0.000000 0.264012 1.000000 1.000000 1.000000
3581.658936 0.000000 3480.862549 0.000000 0.872280 0.000000 -0.489006 1.000000 1.000000 1.000000
3556.045898 0.000000 3450.821777 0.000000 0.907162 0.000000 -0.420781 1.000000 1.000000 1.000000
3481.237549 0.000000 3508.190186 0.000000 0.990293 0.000000 0.138995 1.000000 1.000000 1.000000
3476.569336 0.000000 3563.902100 0.000000 0.859760 0.000000 -0.510699 1.000000 1.000000 1.000000
3479.491943 0.000000 3559.147217 0.000000 0.862549 0.000000 -0.505973 1.000000 1.000000 1.000000
4735.487305 0.000000 3475.774658 0.000000 0.999926 0.000000 0.012133 1.000000 1.000000 1.000000
"}
object={
	name="iceberg_generator_1_2"
	clamp_to_water_level=yes
	render_under_water=yes
	generated_content=yes
	layer="semidynamic"
	pdxmesh="iceberg_03_mesh"
	count=93
	transform="1442.901001 0.000000 3502.095947 0.000000 0.249508 0.000000 -0.968373 1.000000 1.000000 1.000000
1495.491821 0.000000 3559.147217 0.000000 0.452671 0.000000 -0.891678 1.000000 1.000000 1.000000
1626.122314 0.000000 3343.386475 0.000000 0.757648 0.000000 -0.652663 1.000000 1.000000 1.000000
1638.893555 0.000000 3352.025391 0.000000 0.054824 0.000000 -0.998496 1.000000 1.000000 1.000000
1907.455933 0.000000 3382.866455 0.000000 0.749253 0.000000 -0.662284 1.000000 1.000000 1.000000
1886.060669 0.000000 3380.732910 0.000000 0.709247 0.000000 -0.704960 1.000000 1.000000 1.000000
1956.045898 0.000000 3394.337402 0.000000 0.773927 0.000000 -0.633275 1.000000 1.000000 1.000000
1968.205444 0.000000 3558.489990 0.000000 0.608237 0.000000 -0.793755 1.000000 1.000000 1.000000
2195.771729 0.000000 2620.906738 0.000000 0.114082 0.000000 -0.993471 1.000000 1.000000 1.000000
2537.260742 0.000000 3150.862793 0.000000 0.699207 0.000000 -0.714919 1.000000 1.000000 1.000000
2526.060547 0.000000 3154.795410 0.000000 0.045145 0.000000 -0.998980 1.000000 1.000000 1.000000
2561.017578 0.000000 3020.364990 0.000000 0.087930 0.000000 -0.996127 1.000000 1.000000 1.000000
2691.505127 0.000000 2980.613770 0.000000 0.200594 0.000000 -0.979675 1.000000 1.000000 1.000000
3022.953369 0.000000 3104.127930 0.000000 0.050931 0.000000 -0.998702 1.000000 1.000000 1.000000
2970.979736 0.000000 3148.473389 0.000000 0.474178 0.000000 -0.880429 1.000000 1.000000 1.000000
2175.487305 0.000000 3193.352783 0.000000 0.149997 0.000000 -0.988687 1.000000 1.000000 1.000000
2156.662354 0.000000 3270.189453 0.000000 0.625989 0.000000 -0.779832 1.000000 1.000000 1.000000
2185.400879 0.000000 3292.212891 0.000000 0.606452 0.000000 -0.795120 1.000000 1.000000 1.000000
2227.456055 0.000000 3382.866455 0.000000 0.309409 0.000000 -0.950929 1.000000 1.000000 1.000000
2344.832275 0.000000 3223.110596 0.000000 0.225931 0.000000 -0.974143 1.000000 1.000000 1.000000
2419.456055 0.000000 3269.897705 0.000000 0.082977 0.000000 -0.996551 1.000000 1.000000 1.000000
2490.807129 0.000000 3169.779541 0.000000 0.419072 0.000000 -0.907953 1.000000 1.000000 1.000000
2559.487305 0.000000 3193.352783 0.000000 0.105025 0.000000 -0.994470 1.000000 1.000000 1.000000
2433.319092 0.000000 3371.466553 0.000000 0.689532 0.000000 -0.724255 1.000000 1.000000 1.000000
2232.065674 0.000000 3414.425049 0.000000 0.679587 0.000000 -0.733595 1.000000 1.000000 1.000000
2234.368164 0.000000 3440.988525 0.000000 0.802137 0.000000 -0.597139 1.000000 1.000000 1.000000
2237.292725 0.000000 3401.621582 0.000000 0.758062 0.000000 -0.652183 1.000000 1.000000 1.000000
2237.212891 0.000000 3414.454346 0.000000 0.360364 0.000000 -0.932812 1.000000 1.000000 1.000000
2241.451416 0.000000 3401.238037 0.000000 0.506576 0.000000 -0.862196 1.000000 1.000000 1.000000
2284.662354 0.000000 3439.642578 0.000000 0.497110 0.000000 -0.867687 1.000000 1.000000 1.000000
2241.017578 0.000000 3415.755615 0.000000 0.697060 0.000000 -0.717013 1.000000 1.000000 1.000000
2543.722412 0.000000 3433.382080 0.000000 0.661879 0.000000 -0.749610 1.000000 1.000000 1.000000
2559.957764 0.000000 3409.961426 0.000000 0.796865 0.000000 -0.604157 1.000000 1.000000 1.000000
2482.585205 0.000000 3473.441162 0.000000 0.748932 0.000000 -0.662646 1.000000 1.000000 1.000000
2541.516602 0.000000 3460.280273 0.000000 0.286430 0.000000 -0.958101 1.000000 1.000000 1.000000
2533.432373 0.000000 3456.573975 0.000000 0.793802 0.000000 -0.608176 1.000000 1.000000 1.000000
2530.900879 0.000000 3445.611572 0.000000 0.355422 0.000000 -0.934706 1.000000 1.000000 1.000000
2497.017578 0.000000 3472.239990 0.000000 0.343262 0.000000 -0.939240 1.000000 1.000000 1.000000
2406.893555 0.000000 3521.478516 0.000000 0.786544 0.000000 -0.617534 1.000000 1.000000 1.000000
2390.937256 0.000000 3516.458496 0.000000 0.105438 0.000000 -0.994426 1.000000 1.000000 1.000000
2332.793701 0.000000 3561.357422 0.000000 0.011967 0.000000 -0.999928 1.000000 1.000000 1.000000
2616.065674 0.000000 3188.487549 0.000000 0.095147 0.000000 -0.995463 1.000000 1.000000 1.000000
2562.500488 0.000000 3295.837891 0.000000 0.741383 0.000000 -0.671083 1.000000 1.000000 1.000000
2574.875732 0.000000 3377.340088 0.000000 0.779751 0.000000 -0.626090 1.000000 1.000000 1.000000
2586.709961 0.000000 3369.618164 0.000000 0.299619 0.000000 -0.954059 1.000000 1.000000 1.000000
2664.832275 0.000000 3336.079346 0.000000 0.536384 0.000000 -0.843974 1.000000 1.000000 1.000000
2934.864258 0.000000 3218.123535 0.000000 0.538469 0.000000 -0.842645 1.000000 1.000000 1.000000
2930.318359 0.000000 3219.815186 0.000000 0.315377 0.000000 -0.948966 1.000000 1.000000 1.000000
2901.705078 0.000000 3302.961426 0.000000 0.656702 0.000000 -0.754151 1.000000 1.000000 1.000000
2890.351318 0.000000 3296.972656 0.000000 0.643992 0.000000 -0.765033 1.000000 1.000000 1.000000
2900.089355 0.000000 3377.395020 0.000000 0.702911 0.000000 -0.711278 1.000000 1.000000 1.000000
2850.900879 0.000000 3445.611572 0.000000 0.502674 0.000000 -0.864476 1.000000 1.000000 1.000000
2935.637939 0.000000 3461.290283 0.000000 0.592194 0.000000 -0.805795 1.000000 1.000000 1.000000
2918.893555 0.000000 3464.994141 0.000000 0.433632 0.000000 -0.901090 1.000000 1.000000 1.000000
2924.083252 0.000000 3465.607910 0.000000 0.274169 0.000000 -0.961681 1.000000 1.000000 1.000000
2956.552734 0.000000 3415.256592 0.000000 0.401410 0.000000 -0.915899 1.000000 1.000000 1.000000
2842.979736 0.000000 3543.864014 0.000000 0.418344 0.000000 -0.908289 1.000000 1.000000 1.000000
2841.621582 0.000000 3549.906006 0.000000 0.539711 0.000000 -0.841850 1.000000 1.000000 1.000000
2894.873047 0.000000 3510.078369 0.000000 0.220685 0.000000 -0.975345 1.000000 1.000000 1.000000
2911.825928 0.000000 3510.153564 0.000000 0.281409 0.000000 -0.959588 1.000000 1.000000 1.000000
2912.426758 0.000000 3514.468994 0.000000 0.358514 0.000000 -0.933524 1.000000 1.000000 1.000000
3076.763672 0.000000 3086.348389 0.000000 0.455701 0.000000 -0.890133 1.000000 1.000000 1.000000
3174.893555 0.000000 3239.056641 0.000000 0.316596 0.000000 -0.948560 1.000000 1.000000 1.000000
3187.456055 0.000000 3269.897705 0.000000 0.770338 0.000000 -0.637636 1.000000 1.000000 1.000000
3188.365479 0.000000 3258.875732 0.000000 0.306512 0.000000 -0.951867 1.000000 1.000000 1.000000
3154.283447 0.000000 3220.742188 0.000000 0.250526 0.000000 -0.968110 1.000000 1.000000 1.000000
3249.519043 0.000000 3282.423340 0.000000 0.535154 0.000000 -0.844755 1.000000 1.000000 1.000000
3225.237549 0.000000 3282.252686 0.000000 0.102000 0.000000 -0.994784 1.000000 1.000000 1.000000
3265.451416 0.000000 3288.269287 0.000000 0.672858 0.000000 -0.739771 1.000000 1.000000 1.000000
3299.764893 0.000000 3301.940918 0.000000 0.517218 0.000000 -0.855854 1.000000 1.000000 1.000000
3283.007568 0.000000 3294.172119 0.000000 0.616253 0.000000 -0.787548 1.000000 1.000000 1.000000
3283.771729 0.000000 3298.719238 0.000000 0.536729 0.000000 -0.843755 1.000000 1.000000 1.000000
3281.260010 0.000000 3302.550781 0.000000 0.767715 0.000000 -0.640791 1.000000 1.000000 1.000000
3366.231201 0.000000 3371.107178 0.000000 0.168824 0.000000 -0.985646 1.000000 1.000000 1.000000
3389.658936 0.000000 3367.893799 0.000000 0.430619 0.000000 -0.902534 1.000000 1.000000 1.000000
3358.060547 0.000000 3380.732910 0.000000 0.016300 0.000000 -0.999867 1.000000 1.000000 1.000000
3455.586426 0.000000 3386.012695 0.000000 0.453663 0.000000 -0.891173 1.000000 1.000000 1.000000
3456.156738 0.000000 3387.478271 0.000000 0.578010 0.000000 -0.816029 1.000000 1.000000 1.000000
3442.842529 0.000000 3463.416748 0.000000 0.331276 0.000000 -0.943534 1.000000 1.000000 1.000000
3445.993896 0.000000 3466.833008 0.000000 0.775414 0.000000 -0.631453 1.000000 1.000000 1.000000
3496.832275 0.000000 3392.563721 0.000000 0.401278 0.000000 -0.915956 1.000000 1.000000 1.000000
3479.491943 0.000000 3389.694092 0.000000 0.786740 0.000000 -0.617284 1.000000 1.000000 1.000000
3468.978516 0.000000 3446.282959 0.000000 0.084479 0.000000 -0.996425 1.000000 1.000000 1.000000
3470.873047 0.000000 3453.593994 0.000000 0.721821 0.000000 -0.692080 1.000000 1.000000 1.000000
3477.668701 0.000000 3455.335693 0.000000 0.472278 0.000000 -0.881450 1.000000 1.000000 1.000000
3476.968506 0.000000 3554.156250 0.000000 0.754354 0.000000 -0.656468 1.000000 1.000000 1.000000
3465.400879 0.000000 3518.150391 0.000000 0.548922 0.000000 -0.835874 1.000000 1.000000 1.000000
3476.569336 0.000000 3507.417725 0.000000 0.029014 0.000000 -0.999579 1.000000 1.000000 1.000000
3481.505615 0.000000 3555.802979 0.000000 0.707291 0.000000 -0.706922 1.000000 1.000000 1.000000
3461.119141 0.000000 3518.465576 0.000000 0.731986 0.000000 -0.681320 1.000000 1.000000 1.000000
3585.884521 0.000000 3496.599365 0.000000 0.076074 0.000000 -0.997102 1.000000 1.000000 1.000000
4703.453613 0.000000 3462.277100 0.000000 0.785693 0.000000 -0.618617 1.000000 1.000000 1.000000
4698.074219 0.000000 3476.063232 0.000000 0.760230 0.000000 -0.649654 1.000000 1.000000 1.000000
"}
