object={
	name="env_geyser_large_obj"
	clamp_to_water_level=no
	render_under_water=yes
	generated_content=no
	layer="environmental_effects"
	entity="env_geyser_large"
	count=4
	transform="7737.700195 0.000000 2893.584717 0.000000 0.000000 0.000000 1.000000 1.000000 1.000000 1.000000
3654.570801 0.000000 3213.531006 0.000000 0.000000 0.000000 1.000000 1.159969 1.159969 1.159969
3606.318115 0.000000 3240.559082 0.000000 0.000000 0.000000 1.000000 0.485625 0.485625 0.485625
3748.248291 0.000000 3242.768799 0.000000 0.000000 0.000000 1.000000 1.809839 1.809839 1.809839
"}
object={
	name="env_geyser_medium_obj"
	clamp_to_water_level=no
	render_under_water=yes
	generated_content=no
	layer="environmental_effects"
	entity="env_geyser_medium"
	count=2
	transform="7742.222168 0.000000 2892.958008 0.000000 0.000000 0.000000 1.000000 1.000000 1.000000 1.000000
7743.542480 0.000000 2892.040283 0.000000 0.000000 0.000000 1.000000 1.000000 1.000000 1.000000
"}
object={
	name="env_geyser_small_obj"
	clamp_to_water_level=no
	render_under_water=yes
	generated_content=no
	layer="environmental_effects"
	entity="env_geyser_small"
	count=2
	transform="7745.751953 0.000000 2890.209473 0.000000 0.000000 0.000000 1.000000 1.000000 1.000000 1.000000
7743.582031 0.000000 2891.116211 0.000000 0.000000 0.000000 1.000000 1.000000 1.000000 1.000000
"}
object={
	name="env_godrays"
	clamp_to_water_level=no
	render_under_water=no
	generated_content=no
	layer="environmental_effects"
	entity="env_god_rays"
	count=25
	transform="7207.664551 36.101562 2367.862061 0.000000 0.000000 0.000000 1.000000 1.000000 1.000000 1.000000
4957.092773 36.101562 2960.525635 0.000000 0.000000 0.000000 1.000000 1.000000 1.000000 1.000000
5412.663086 36.101562 3059.079102 0.000000 0.000000 0.000000 1.000000 1.198462 1.198462 1.198462
5486.286133 36.101562 3333.928467 0.000000 -0.040446 0.000000 -0.999182 1.385336 1.385336 1.385336
4688.993164 43.478271 1501.950073 0.000000 -0.160617 0.000000 0.987017 1.000000 1.000000 1.000000
4413.304199 43.478271 1533.013550 0.000000 -0.160617 0.000000 0.987017 1.000000 1.000000 1.000000
4561.372070 43.478271 1497.332275 0.000000 0.000000 0.000000 1.000000 1.000000 1.000000 1.000000
6829.089844 36.101562 2056.148926 0.000000 0.000000 0.000000 1.000000 0.702075 0.702075 0.702075
6819.420898 36.101562 2265.576904 0.000000 -0.264220 0.000000 0.964462 1.000000 1.000000 1.000000
6510.986816 36.101562 2171.096191 0.000000 0.670123 0.000000 0.742250 1.000000 1.000000 1.000000
4543.778320 36.101562 2691.511475 0.000000 0.000000 0.000000 1.000000 1.000000 1.000000 1.000000
4891.485352 36.101562 2260.392090 0.000000 0.000000 0.000000 1.000000 1.000000 1.000000 1.000000
4885.591797 36.101562 2410.353516 0.000000 0.000000 0.000000 1.000000 1.000000 1.000000 1.000000
4742.014648 36.101562 2501.024170 0.000000 -0.132180 0.000000 0.991226 1.000000 1.000000 1.000000
7408.389648 36.101562 485.033356 0.000000 0.047163 0.000000 0.998887 1.000000 1.000000 1.000000
7417.081543 36.101562 655.272034 0.000000 0.000000 0.000000 1.000000 1.000000 1.000000 1.000000
7141.515625 36.101562 948.859924 0.000000 -0.119889 0.000000 0.992787 1.000000 1.000000 1.000000
7700.359863 36.101562 2992.549316 0.000000 0.000000 0.000000 1.000000 1.000000 1.000000 1.000000
7653.614746 36.101562 2934.974121 0.000000 0.000000 0.000000 1.000000 1.000000 1.000000 1.000000
3672.359375 36.101562 3248.562988 0.000000 0.000000 0.000000 1.000000 1.000000 1.000000 1.000000
4315.541504 73.942871 2679.133545 0.000000 0.000000 0.000000 1.000000 1.000000 1.000000 1.000000
4322.754883 10.386475 2609.726074 0.000000 0.000000 0.000000 1.000000 1.000000 1.000000 1.000000
2612.301514 50.096558 1281.115967 0.000000 0.000000 0.000000 1.000000 1.000000 1.000000 1.000000
2849.901611 114.641602 1006.909058 0.000000 0.000000 0.000000 1.000000 1.000000 1.000000 1.000000
2944.409424 61.372070 1513.330078 0.000000 0.000000 0.000000 1.000000 1.000000 1.000000 1.000000
"}
object={
	name="env_jungle_mist_l"
	clamp_to_water_level=no
	render_under_water=no
	generated_content=no
	layer="environmental_effects"
	entity="env_jungle_mist_l"
	count=28
	transform="4557.351074 -0.348877 1595.862183 0.000000 0.001343 0.000000 0.999999 1.131339 1.131339 1.131339
4619.440430 0.000000 1592.748291 0.000000 0.000000 0.000000 1.000000 0.739014 0.739014 0.739014
4698.706055 0.000000 1511.875244 0.000000 0.000000 0.000000 1.000000 1.000000 1.000000 1.000000
6126.153809 0.000000 2065.820068 0.000000 0.000000 0.000000 1.000000 1.000000 1.000000 1.000000
6175.041016 0.000000 2078.898926 0.000000 0.000000 0.000000 1.000000 1.000000 1.000000 1.000000
2602.178711 0.000000 1334.506958 0.000000 0.000000 0.000000 1.000000 1.000000 1.000000 1.000000
2519.177246 0.000000 1487.636353 0.000000 0.000000 0.000000 1.000000 1.000000 1.000000 1.000000
2492.774902 0.000000 1239.327515 0.000000 0.000000 0.000000 1.000000 1.000000 1.000000 1.000000
2874.564941 0.000000 1423.938843 0.000000 0.000000 0.000000 1.000000 1.000000 1.000000 1.000000
2759.028320 0.000000 1474.179321 0.000000 0.000000 0.000000 1.000000 1.000000 1.000000 1.000000
5211.292480 0.000000 1188.451416 0.000000 0.952779 0.000000 -0.303665 1.000000 1.000000 1.000000
4465.638184 0.000000 1435.447998 0.000000 0.000000 0.000000 1.000000 1.000000 1.000000 1.000000
4577.869629 0.000000 1333.403198 0.000000 0.000000 0.000000 1.000000 1.000000 1.000000 1.000000
4437.717773 0.000000 1588.672485 0.000000 0.000000 0.000000 1.000000 1.000000 1.000000 1.000000
4693.157715 22.521606 1412.682617 0.000000 0.000000 0.000000 1.000000 1.000000 1.000000 1.000000
4368.776367 0.000000 1454.691650 0.000000 0.000000 0.000000 1.000000 1.000000 1.000000 1.000000
4566.451660 0.000000 1234.912231 0.000000 0.000000 0.000000 1.000000 1.000000 1.000000 1.000000
2783.331299 0.000000 1257.250244 0.000000 0.000000 0.000000 1.000000 1.000000 1.000000 1.000000
2691.892334 0.000000 1090.509033 0.000000 0.000000 0.000000 1.000000 1.000000 1.000000 1.000000
2922.269043 0.000000 1080.354004 0.000000 0.000000 0.000000 1.000000 1.000000 1.000000 1.000000
2691.175049 0.000000 907.846313 0.000000 0.000000 0.000000 1.000000 1.000000 1.000000 1.000000
2810.360352 0.000000 990.437805 0.000000 0.000000 0.000000 1.000000 1.000000 1.000000 1.000000
2698.806152 0.000000 652.446106 0.000000 0.000000 0.000000 1.000000 1.000000 1.000000 1.000000
3068.514160 0.000000 1122.130249 0.000000 0.000000 0.000000 1.000000 1.000000 1.000000 1.000000
3092.566650 0.000000 1297.261108 0.000000 0.000000 0.000000 1.000000 1.000000 1.000000 1.000000
2934.096191 0.000000 917.668579 0.000000 0.000000 0.000000 1.000000 1.000000 1.000000 1.000000
2950.707275 0.000000 1304.286499 0.000000 0.000000 0.000000 1.000000 1.000000 1.000000 1.000000
2744.958984 0.000000 1590.392212 0.000000 0.000000 0.000000 1.000000 1.000000 1.000000 1.000000
"}
object={
	name="env_jungle_mist_s"
	clamp_to_water_level=no
	render_under_water=no
	generated_content=no
	layer="environmental_effects"
	entity="env_jungle_mist_s"
	count=36
	transform="7000.667480 0.000000 2420.207031 0.000000 0.000000 0.000000 1.000000 1.000000 1.000000 1.000000
5891.248535 0.000000 2218.561523 0.000000 0.000000 0.000000 1.000000 1.000000 1.000000 1.000000
4531.910645 1.031250 1499.604980 0.000000 0.000000 0.000000 1.000000 0.674097 0.674097 0.674097
4609.335938 -0.071411 1469.817017 0.000000 0.012573 0.000000 0.999921 0.743481 0.743481 0.743481
4574.812988 -0.349487 1504.936157 0.000000 0.000000 0.000000 1.000000 1.000000 1.000000 1.000000
4549.420898 0.250122 1500.077759 0.000000 0.000000 0.000000 1.000000 1.000000 1.000000 1.000000
4568.551270 -0.177002 1466.421509 0.000000 0.000000 0.000000 1.000000 1.000000 1.000000 1.000000
4657.088379 0.000000 1457.148315 0.000000 0.000000 0.000000 1.000000 0.855676 0.855676 0.855676
4598.351562 -0.379272 1506.426514 0.000000 0.000000 0.000000 1.000000 1.000000 1.000000 1.000000
4729.796387 -0.354492 1465.770630 0.000000 0.000000 0.000000 1.000000 1.000000 1.000000 1.000000
4697.786621 0.000000 1469.802002 0.000000 0.000000 0.000000 1.000000 1.000000 1.000000 1.000000
4614.983398 -0.418945 1439.686768 0.000000 0.000000 0.000000 1.000000 1.000000 1.000000 1.000000
4365.656738 0.000000 1552.616943 0.000000 -0.011719 0.000000 0.999931 0.683423 0.683423 0.683423
4396.691406 0.000000 1503.975464 0.000000 -0.011719 0.000000 0.999931 0.683423 0.683423 0.683423
4453.591797 0.000000 1523.089111 0.000000 -0.011719 0.000000 0.999931 0.683423 0.683423 0.683423
4463.246094 0.000000 1498.780029 0.000000 -0.011719 0.000000 0.999931 0.683423 0.683423 0.683423
4499.613770 0.000000 1415.492798 0.000000 -0.011719 0.000000 0.999931 1.000000 1.000000 1.000000
4522.757812 0.000000 1414.683105 0.000000 -0.011719 0.000000 0.999931 1.000000 1.000000 1.000000
4533.214355 0.000000 1460.851318 0.000000 -0.011719 0.000000 0.999931 0.726196 0.726196 0.726196
4704.104980 0.000000 1566.980835 0.000000 -0.024778 0.000000 0.999693 0.735632 0.735632 0.735632
4661.531250 0.000000 1618.340088 0.000000 -0.024778 0.000000 0.999693 0.735632 0.735632 0.735632
4654.252930 0.000000 1586.798218 0.000000 -0.024778 0.000000 0.999693 0.735632 0.735632 0.735632
4705.655762 -0.354004 1538.098511 0.000000 0.000000 0.000000 1.000000 1.000000 1.000000 1.000000
2439.798828 0.000000 1440.526123 0.000000 0.000000 0.000000 1.000000 1.000000 1.000000 1.000000
2420.603027 0.707886 1238.531006 0.000000 -0.748579 0.000000 0.663045 0.568262 0.568262 0.568262
2423.983398 1.305908 1220.872070 0.000000 -0.748579 0.000000 0.663045 0.568262 0.568262 0.568262
4344.079102 0.000000 1638.448486 0.000000 0.000000 0.000000 1.000000 1.000000 1.000000 1.000000
4671.094727 0.000000 1298.706421 0.000000 0.000000 0.000000 1.000000 1.000000 1.000000 1.000000
4696.300781 0.000000 1329.579102 0.000000 0.000000 0.000000 1.000000 1.000000 1.000000 1.000000
4810.209961 0.000000 1496.651855 0.000000 0.000000 0.000000 1.000000 1.000000 1.000000 1.000000
4827.703125 0.000000 1568.030518 0.000000 0.000000 0.000000 1.000000 1.000000 1.000000 1.000000
4780.977051 0.000000 1582.060181 0.000000 0.000000 0.000000 1.000000 1.000000 1.000000 1.000000
4432.949219 0.000000 1695.442993 0.000000 0.000000 0.000000 1.000000 1.000000 1.000000 1.000000
4521.013184 0.000000 1375.014282 0.000000 0.000000 0.000000 1.000000 1.000000 1.000000 1.000000
4720.640625 0.000000 1660.618530 0.000000 0.000000 0.000000 1.000000 1.000000 1.000000 1.000000
4767.693359 0.000000 1637.498657 0.000000 0.000000 0.000000 1.000000 1.000000 1.000000 1.000000
"}
object={
	name="env_rolling_clouds"
	clamp_to_water_level=yes
	render_under_water=no
	generated_content=no
	layer="environmental_effects"
	entity="env_mist"
	count=93
	transform="4146.360352 0.000000 2811.853027 0.000000 -0.170128 0.000000 0.985422 1.000000 1.000000 1.000000
3974.469727 0.000000 2812.963379 0.000000 -0.119041 0.000000 0.992889 1.000000 1.000000 1.000000
4136.014160 16.439697 3483.130127 0.000000 0.255211 0.000000 -0.966885 8.920312 8.920312 8.920312
3624.893555 16.439697 2516.420410 0.000000 0.221901 0.000000 -0.975069 13.175723 13.175723 13.175723
2481.820068 -0.815186 2596.249756 0.000000 -0.369167 0.000000 0.929363 0.382324 0.382324 0.382324
4096.380371 0.000000 2539.989258 0.000000 0.309993 0.000000 0.950739 1.000000 1.000000 1.000000
7023.610352 0.000000 2514.054688 0.000000 0.000000 0.000000 1.000000 1.000000 1.000000 1.000000
7244.218262 0.000000 2692.907227 0.000000 0.051369 0.000000 0.998680 1.000000 1.000000 1.000000
7161.056152 0.000000 2816.127197 0.000000 0.000000 0.000000 1.000000 1.000000 1.000000 1.000000
6879.838867 0.000000 2772.145752 0.000000 0.000000 0.000000 1.000000 1.000000 1.000000 1.000000
4483.799316 0.000000 3274.280518 0.000000 0.243422 0.000000 0.969920 1.000000 1.000000 1.000000
4444.083984 0.000000 3226.334229 0.000000 0.294575 0.000000 0.955628 1.000000 1.000000 1.000000
4417.123047 0.000000 3198.164795 0.000000 0.421187 0.000000 0.906974 1.000000 1.000000 1.000000
4371.409180 0.000000 3122.248779 0.000000 0.421187 0.000000 0.906974 1.000000 1.000000 1.000000
4387.787598 0.000000 3148.226562 0.000000 0.421187 0.000000 0.906974 1.000000 1.000000 1.000000
7167.943848 0.000000 2333.536865 0.000000 0.138047 0.000000 0.990426 1.000000 1.000000 1.000000
4688.138672 0.000000 3019.245361 0.000000 0.079993 0.000000 0.996795 1.000000 1.000000 1.000000
4771.952148 0.000000 3070.509277 0.000000 0.129276 0.000000 0.991609 1.000000 1.000000 1.000000
4905.344727 0.000000 2933.107910 0.000000 0.010498 0.000000 0.999945 1.000000 1.000000 1.000000
4917.907715 0.000000 3106.212158 0.000000 0.001648 0.000000 0.999999 1.000000 1.000000 1.000000
4772.450684 0.000000 2807.451416 0.000000 0.018004 0.000000 0.999838 1.000000 1.000000 1.000000
4938.199219 0.000000 2736.802246 0.000000 0.028256 0.000000 0.999601 1.000000 1.000000 1.000000
5445.021973 0.000000 3157.558350 0.000000 0.000000 0.000000 1.000000 1.000000 1.000000 1.000000
5537.794434 0.000000 3326.682861 0.000000 0.000000 0.000000 1.000000 1.000000 1.000000 1.000000
5485.682617 0.000000 3249.269287 0.000000 0.000000 0.000000 1.000000 1.000000 1.000000 1.000000
5443.420410 0.000000 2983.540771 0.000000 0.000000 0.000000 1.000000 1.000000 1.000000 1.000000
5460.934082 0.000000 3211.445312 0.000000 0.000000 0.000000 1.000000 1.000000 1.000000 1.000000
6751.572266 0.000000 2133.849121 0.000000 0.000000 0.000000 1.000000 1.502783 1.502783 1.502783
6790.143555 0.000000 2183.035400 0.000000 0.000000 0.000000 1.000000 1.093262 1.093262 1.093262
6851.140625 0.000000 2187.028076 0.000000 0.000000 0.000000 1.000000 1.000000 1.000000 1.000000
6816.157715 0.000000 2154.814697 0.000000 0.000000 0.000000 1.000000 1.000000 1.000000 1.000000
6804.023926 0.000000 2115.205811 0.000000 0.000000 0.000000 1.000000 1.000000 1.000000 1.000000
6650.253906 0.000000 2076.351074 0.000000 0.000000 0.000000 1.000000 1.000000 1.000000 1.000000
6626.852539 0.000000 2093.906006 0.000000 0.000000 0.000000 1.000000 1.000000 1.000000 1.000000
6483.315918 0.000000 2108.357910 0.000000 0.000000 0.000000 1.000000 1.000000 1.000000 1.000000
6536.986816 0.000000 2094.238281 0.000000 0.000000 0.000000 1.000000 1.000000 1.000000 1.000000
6542.011230 0.000000 2168.897949 0.000000 0.000000 0.000000 1.000000 1.386572 1.386572 1.386572
6514.952637 0.000000 2113.582275 0.000000 0.000000 0.000000 1.000000 1.000000 1.000000 1.000000
6104.406250 0.000000 2022.996460 0.000000 0.000000 0.000000 1.000000 1.000000 1.000000 1.000000
5720.563965 0.000000 2214.915039 0.000000 0.000000 0.000000 1.000000 1.000000 1.000000 1.000000
5800.046875 0.000000 2246.087646 0.000000 0.000000 0.000000 1.000000 1.000000 1.000000 1.000000
5954.632324 0.000000 1909.124390 0.000000 0.000000 0.000000 1.000000 1.000000 1.000000 1.000000
6080.890137 0.000000 2174.081055 0.000000 0.000000 0.000000 1.000000 1.000000 1.000000 1.000000
5928.741211 0.000000 2235.407959 0.000000 0.000000 0.000000 1.000000 1.000000 1.000000 1.000000
5803.160156 0.000000 2325.082031 0.000000 0.000000 0.000000 1.000000 1.000000 1.000000 1.000000
4655.422363 0.000000 2643.673828 0.000000 -0.336790 0.000000 0.941580 1.000000 1.000000 1.000000
4639.871094 0.000000 2777.897949 0.000000 0.000000 0.000000 1.000000 1.000000 1.000000 1.000000
4707.551270 0.000000 2841.428467 0.000000 0.000000 0.000000 1.000000 1.000000 1.000000 1.000000
4721.781738 0.000000 2735.038818 0.000000 0.000000 0.000000 1.000000 1.000000 1.000000 1.000000
4528.845703 0.000000 2637.757080 0.000000 0.000000 0.000000 1.000000 1.000000 1.000000 1.000000
4589.605957 0.000000 2695.761719 0.000000 0.000000 0.000000 1.000000 1.000000 1.000000 1.000000
6733.589844 0.000000 2314.994385 0.000000 0.000000 0.000000 1.000000 1.000000 1.000000 1.000000
6704.036133 0.000000 2403.694336 0.000000 0.000000 0.000000 1.000000 1.000000 1.000000 1.000000
6523.953613 0.000000 1813.707397 0.000000 0.000000 0.000000 1.000000 1.000000 1.000000 1.000000
6379.999512 0.000000 1873.474609 0.000000 0.000000 0.000000 1.000000 1.000000 1.000000 1.000000
6443.240234 0.000000 2012.278076 0.000000 0.000000 0.000000 1.000000 1.000000 1.000000 1.000000
6362.142090 0.000000 2072.355713 0.000000 0.000000 0.000000 1.000000 1.000000 1.000000 1.000000
6425.898926 0.000000 2113.644775 0.000000 0.000000 0.000000 1.000000 1.000000 1.000000 1.000000
6344.788574 0.000000 1981.121582 0.000000 0.000000 0.000000 1.000000 1.000000 1.000000 1.000000
6444.237793 0.000000 1940.915039 0.000000 0.000000 0.000000 1.000000 1.000000 1.000000 1.000000
2159.393799 -2.848877 2330.497559 0.000000 -0.338916 0.000000 0.940817 0.499683 0.499683 0.499683
2273.482422 -1.846191 2422.655762 0.000000 -0.380371 0.000000 0.924834 0.499683 0.499683 0.499683
2226.212158 -1.846191 2368.545898 0.000000 -0.380371 0.000000 0.924834 0.499683 0.499683 0.499683
6245.216309 0.000000 3286.026123 0.000000 0.000000 0.000000 1.000000 1.000000 1.000000 1.000000
6215.291016 0.000000 3314.171875 0.000000 0.000000 0.000000 1.000000 1.000000 1.000000 1.000000
6249.776855 0.000000 3363.615234 0.000000 0.000000 0.000000 1.000000 1.000000 1.000000 1.000000
6300.127930 0.000000 3406.360107 0.000000 0.000000 0.000000 1.000000 1.000000 1.000000 1.000000
6153.405762 0.000000 3419.045166 0.000000 0.000000 0.000000 1.000000 1.000000 1.000000 1.000000
6418.388184 0.000000 3452.081299 0.000000 0.000000 0.000000 1.000000 1.000000 1.000000 1.000000
6577.041504 0.000000 3479.914795 0.000000 0.000000 0.000000 1.000000 1.000000 1.000000 1.000000
6184.815918 0.000000 3252.459961 0.000000 0.000000 0.000000 1.000000 1.000000 1.000000 1.000000
6490.214844 0.000000 3327.057373 0.000000 0.000000 0.000000 1.000000 1.000000 1.000000 1.000000
6406.482422 0.000000 3263.121094 0.000000 0.000000 0.000000 1.000000 1.000000 1.000000 1.000000
6466.861816 0.000000 3118.786621 0.000000 0.000000 0.000000 1.000000 1.000000 1.000000 1.000000
6103.433594 0.000000 3382.070557 0.000000 0.000000 0.000000 1.000000 1.000000 1.000000 1.000000
4592.652832 0.000000 2448.302002 0.000000 -0.284878 0.000000 0.958564 1.000000 1.000000 1.000000
7742.461426 0.000000 2894.004150 0.000000 0.134600 0.000000 0.990900 0.328833 0.328833 0.328833
7665.422363 0.000000 2840.624268 0.000000 0.240301 0.000000 0.970699 0.679154 0.679154 0.679154
7662.677246 -0.550049 2884.918457 0.000000 -0.069220 0.000000 0.997602 0.679154 0.679154 0.679154
7688.932617 0.000000 2943.815186 0.000000 0.211226 0.000000 0.977437 0.679154 0.679154 0.679154
8088.930176 0.000000 570.563171 0.000000 0.000000 0.000000 1.000000 1.000000 1.000000 1.000000
3591.576660 0.000000 3276.918213 0.000000 0.000000 0.000000 1.000000 1.000000 1.000000 1.000000
3746.569336 0.000000 3275.099121 0.000000 0.000000 0.000000 1.000000 1.000000 1.000000 1.000000
7050.949707 1.510498 2986.372559 0.000000 0.142458 0.000000 0.989801 1.000000 1.000000 1.000000
7021.186035 0.000000 2929.925049 0.000000 0.966514 0.000000 0.256614 1.000000 1.000000 1.000000
7111.256348 0.000000 2900.779053 0.000000 0.000000 0.000000 1.000000 1.000000 1.000000 1.000000
7348.477539 14.718506 3183.107178 0.000000 0.996198 0.000000 -0.087113 1.000000 1.000000 1.000000
7584.405762 0.000000 3167.509033 0.000000 0.783949 0.000000 0.620826 1.000000 1.000000 1.000000
7060.472656 0.000000 3213.855957 0.000000 0.783949 0.000000 0.620826 1.000000 1.000000 1.000000
6837.629883 0.000000 3305.651367 0.000000 -0.404510 0.000000 0.914534 1.000000 1.000000 1.000000
6585.752930 -0.044434 2918.540039 0.000000 -0.587915 0.000000 0.808923 1.000000 1.000000 1.000000
6866.589355 0.000000 3148.553955 0.000000 0.000000 0.000000 1.000000 1.000000 1.000000 1.000000
6707.248535 0.000000 3221.657227 0.000000 0.000000 0.000000 1.000000 1.000000 1.000000 1.000000
"}
object={
	name="env_rolling_fog_mountain"
	clamp_to_water_level=no
	render_under_water=no
	generated_content=no
	layer="environmental_effects"
	entity="env_rolling_fog_mountain"
	count=82
	transform="4129.354492 0.000000 2540.465332 0.000000 -0.560174 0.000000 -0.828375 1.000000 1.000000 1.000000
4093.383789 0.000000 2541.459717 0.000000 0.405542 0.000000 0.914076 1.000000 1.000000 1.000000
6999.983887 0.000000 2362.513428 0.000000 0.000000 0.000000 1.000000 1.000000 1.000000 1.000000
6932.159180 0.000000 2508.920410 0.000000 0.000000 0.000000 1.000000 1.000000 1.000000 1.000000
7226.877930 0.000000 2659.031006 0.000000 0.000000 0.000000 1.000000 1.000000 1.000000 1.000000
7161.143066 0.000000 2586.242676 0.000000 0.000000 0.000000 1.000000 1.000000 1.000000 1.000000
7202.208008 0.000000 2634.559814 0.000000 0.000000 0.000000 1.000000 1.000000 1.000000 1.000000
7152.498047 0.000000 2754.430664 0.000000 0.000000 0.000000 1.000000 1.000000 1.000000 1.000000
6849.620605 0.000000 2711.915771 0.000000 0.000000 0.000000 1.000000 1.000000 1.000000 1.000000
6088.494141 0.000000 2172.521729 0.000000 0.000000 0.000000 1.000000 1.000000 1.000000 1.000000
6102.543945 0.000000 2180.565674 0.000000 0.000000 0.000000 1.000000 1.000000 1.000000 1.000000
6067.598633 0.000000 2176.397461 0.000000 0.000000 0.000000 1.000000 1.000000 1.000000 1.000000
5927.698730 0.000000 2201.033447 0.000000 0.000000 0.000000 1.000000 1.000000 1.000000 1.000000
5814.851074 0.000000 2319.476318 0.000000 0.000000 0.000000 1.000000 1.000000 1.000000 1.000000
4270.092773 0.000000 3073.523926 0.000000 0.000000 0.000000 1.000000 1.000000 1.000000 1.000000
4290.020020 0.000000 3110.441162 0.000000 0.000000 0.000000 1.000000 1.000000 1.000000 1.000000
4355.433594 0.000000 3157.904297 0.000000 0.000000 0.000000 1.000000 1.000000 1.000000 1.000000
4280.105469 0.000000 3068.210693 0.000000 0.000000 0.000000 1.000000 1.000000 1.000000 1.000000
4307.598633 0.000000 3101.477051 0.000000 0.239412 0.000000 0.970918 1.000000 1.000000 1.000000
4297.666992 0.000000 3133.312256 0.000000 0.036787 0.000000 -0.999323 1.000000 1.000000 1.000000
4317.221191 0.000000 3123.246338 0.000000 0.229622 0.000000 0.973280 1.000000 1.000000 1.000000
4333.969238 0.000000 3106.723145 0.000000 0.353859 0.000000 0.935299 1.000000 1.000000 1.000000
4343.694336 0.000000 3150.104004 0.000000 0.912400 0.000000 0.409301 1.000000 1.000000 1.000000
7128.033203 0.000000 2336.522461 0.000000 0.254671 0.000000 0.967028 1.000000 1.000000 1.000000
7242.739258 0.000000 2349.403076 0.000000 0.300112 0.000000 0.953904 1.000000 1.000000 1.000000
7275.952148 0.000000 2397.495117 0.000000 0.000000 0.000000 1.000000 1.000000 1.000000 1.000000
7079.629883 0.000000 2288.006104 0.000000 0.352318 0.000000 0.935880 1.000000 1.000000 1.000000
7347.263672 0.000000 2565.429688 0.000000 0.454438 0.000000 0.890779 1.000000 1.000000 1.000000
4859.078613 0.000000 2615.152832 0.000000 0.000000 0.000000 1.000000 1.000000 1.000000 1.000000
4779.709473 0.000000 2671.282959 0.000000 0.000000 0.000000 1.000000 1.000000 1.000000 1.000000
4812.270508 0.000000 2750.093994 0.000000 0.020995 0.000000 0.999780 1.000000 1.000000 1.000000
4723.494141 0.000000 2934.856445 0.000000 0.000000 0.000000 1.000000 1.000000 1.000000 1.000000
4781.662598 0.000000 3003.027832 0.000000 0.055879 0.000000 0.998438 1.000000 1.000000 1.000000
4894.614258 0.000000 2859.154053 0.000000 0.118374 0.000000 0.992969 1.000000 1.000000 1.000000
4612.975098 0.000000 2968.701416 0.000000 0.148557 0.000000 0.988904 1.399341 1.399341 1.399341
5444.595215 9.198975 3215.989258 0.000000 0.000000 0.000000 1.000000 1.000000 1.000000 1.000000
5438.606934 0.000000 3107.471924 0.000000 0.000000 0.000000 1.000000 1.000000 1.000000 1.000000
5432.007812 0.000000 2937.364990 0.000000 0.000000 0.000000 1.000000 1.000000 1.000000 1.000000
4753.970215 -0.862061 1492.906006 0.000000 0.963127 0.000000 -0.269048 1.022888 1.022888 1.022888
4758.341309 -0.862061 1504.934692 0.000000 0.963127 0.000000 -0.269048 1.022888 1.022888 1.022888
6846.238281 0.000000 2050.606934 0.000000 0.000000 0.000000 1.000000 1.000000 1.000000 1.000000
6845.508301 0.000000 2065.189697 0.000000 0.000000 0.000000 1.000000 1.000000 1.000000 1.000000
6030.934082 0.000000 2190.579590 0.000000 0.000000 0.000000 1.000000 1.000000 1.000000 1.000000
6085.916016 0.000000 2167.241943 0.000000 0.000000 0.000000 1.000000 1.000000 1.000000 1.000000
6093.214355 0.000000 2175.229492 0.000000 0.000000 0.000000 1.000000 1.000000 1.000000 1.000000
6156.280273 0.000000 2176.123047 0.000000 0.000000 0.000000 1.000000 1.000000 1.000000 1.000000
6238.271973 0.000000 2180.741211 0.000000 0.000000 0.000000 1.000000 1.000000 1.000000 1.000000
6050.193359 0.000000 2178.559082 0.000000 0.000000 0.000000 1.000000 1.000000 1.000000 1.000000
6004.269043 0.000000 2182.279297 0.000000 0.000000 0.000000 1.000000 1.000000 1.000000 1.000000
4660.943848 0.000000 2690.759521 0.000000 0.000000 0.000000 1.000000 1.000000 1.000000 1.000000
4647.807617 0.000000 2701.429443 0.000000 0.000000 0.000000 1.000000 1.000000 1.000000 1.000000
4613.877930 0.000000 2717.579590 0.000000 0.000000 0.000000 1.000000 1.000000 1.000000 1.000000
4715.126465 0.000000 2550.350586 0.000000 0.000000 0.000000 1.000000 1.000000 1.000000 1.000000
4610.954102 0.000000 2541.961426 0.000000 0.000000 0.000000 1.000000 1.000000 1.000000 1.000000
6558.971680 0.000000 1790.516846 0.000000 0.000000 0.000000 1.000000 1.000000 1.000000 1.000000
6568.576172 0.000000 1816.520142 0.000000 0.000000 0.000000 1.000000 1.000000 1.000000 1.000000
6420.876465 0.000000 1806.457275 0.000000 0.000000 0.000000 1.000000 1.000000 1.000000 1.000000
6354.121582 0.000000 1807.125122 0.000000 0.000000 0.000000 1.000000 1.000000 1.000000 1.000000
6343.243164 0.000000 1865.140259 0.000000 0.000000 0.000000 1.000000 1.000000 1.000000 1.000000
6253.554199 0.000000 3184.822266 0.000000 0.000000 0.000000 1.000000 1.000000 1.000000 1.000000
7430.071777 0.000000 481.179657 0.000000 0.000000 0.000000 1.000000 1.000000 1.000000 1.000000
7442.072754 0.000000 494.740448 0.000000 0.000000 0.000000 1.000000 1.000000 1.000000 1.000000
7912.176270 0.000000 3180.775391 0.000000 -0.264573 0.000000 0.964366 1.000000 1.000000 1.000000
7873.219238 0.000000 3163.619141 0.000000 -0.264573 0.000000 0.964366 1.000000 1.000000 1.000000
7748.305176 -0.385010 3114.265869 0.000000 -0.264573 0.000000 0.964366 1.000000 1.000000 1.000000
7851.925293 0.000000 3161.916260 0.000000 -0.264573 0.000000 0.964366 1.000000 1.000000 1.000000
7883.292480 0.000000 3100.971436 0.000000 0.191258 0.000000 0.981540 1.000000 1.000000 1.000000
7737.591797 0.250000 2934.663330 0.000000 0.191258 0.000000 0.981540 1.000000 1.000000 1.000000
7721.094238 0.000000 2977.855713 0.000000 0.191258 0.000000 0.981540 1.000000 1.000000 1.000000
7699.951660 -0.348389 2960.413574 0.000000 0.191258 0.000000 0.981540 1.000000 1.000000 1.000000
7735.649414 0.000000 2949.955811 0.000000 0.191258 0.000000 0.981540 1.000000 1.000000 1.000000
7672.766113 0.000000 2906.833496 0.000000 0.000000 0.000000 1.000000 1.000000 1.000000 1.000000
7938.743164 0.000000 420.173981 0.000000 0.000000 0.000000 1.000000 1.000000 1.000000 1.000000
7979.267578 0.000000 449.672241 0.000000 0.000000 0.000000 1.000000 1.000000 1.000000 1.000000
8019.161133 0.000000 485.956757 0.000000 0.000000 0.000000 1.000000 1.000000 1.000000 1.000000
5154.552734 -3.174805 1047.509277 0.000000 -0.643947 0.000000 0.765070 2.894067 2.894067 2.894067
5124.355469 0.000000 992.945557 0.000000 0.000000 0.000000 1.000000 1.613141 1.613141 1.613141
3634.881592 0.000000 3231.120361 0.000000 0.000000 0.000000 1.000000 1.000000 1.000000 1.000000
3668.384277 0.000000 3239.165771 0.000000 0.000000 0.000000 1.000000 1.000000 1.000000 1.000000
7246.735352 21.839844 3086.894043 0.000000 0.969275 0.000000 0.245980 1.000000 1.000000 1.000000
7290.732422 51.668457 3095.573242 0.000000 0.353288 0.000000 0.935515 1.000000 1.000000 1.000000
7347.225586 53.610107 3096.995605 0.000000 0.191258 0.000000 0.981540 1.000000 1.000000 1.000000
"}
object={
	name="env_rough_water"
	clamp_to_water_level=yes
	render_under_water=yes
	generated_content=no
	layer="environmental_effects"
	entity="env_rough_water"
	count=3
	transform="4223.653809 0.000000 3417.875244 0.000000 -0.941496 0.000000 -0.337024 1.000000 1.000000 1.000000
4126.839355 0.000000 3243.455811 0.000000 0.000000 0.000000 1.000000 1.000000 1.000000 1.000000
3459.099609 0.000000 3351.944824 0.000000 0.000000 0.000000 1.000000 1.987500 1.987500 1.987500
"}
object={
	name="env_sandstorm_obj"
	clamp_to_water_level=no
	render_under_water=no
	generated_content=no
	layer="environmental_effects"
	entity="env_sandstorm"
	count=41
	transform="5196.312012 12.659424 1989.225952 0.000000 0.315732 0.000000 0.948848 1.000000 1.000000 1.000000
5186.189453 12.659424 2042.176880 0.000000 0.453676 0.000000 0.891167 1.000000 1.000000 1.000000
5261.688477 12.659424 1945.613037 0.000000 -0.163568 0.000000 0.986532 1.000000 1.000000 1.000000
5181.228027 17.639038 1929.248901 0.000000 0.017028 0.000000 0.999855 1.000000 1.000000 1.000000
5311.012695 12.659424 1987.145386 0.000000 -0.736334 0.000000 0.676618 1.000000 1.000000 1.000000
5959.047852 12.659424 2444.107422 0.000000 -0.113282 0.000000 0.993563 1.649508 1.649508 1.649508
6383.007812 12.659424 2524.815674 0.000000 0.000000 0.000000 1.000000 1.814014 1.814014 1.814014
7105.413086 12.659424 833.674805 0.000000 0.000000 0.000000 1.000000 1.000000 1.000000 1.000000
7182.745605 12.659424 1064.582886 0.000000 0.000000 0.000000 1.000000 1.000000 1.000000 1.000000
7006.240723 12.659424 941.842773 0.000000 0.000000 0.000000 1.000000 1.000000 1.000000 1.000000
5079.126953 19.996582 2148.379639 0.000000 0.000000 0.000000 1.000000 1.000000 1.000000 1.000000
4455.666016 9.129028 1947.370850 0.000000 0.000000 0.000000 1.000000 1.000000 1.000000 1.000000
4196.128906 6.404175 1944.721069 0.000000 0.000000 0.000000 1.000000 1.000000 1.000000 1.000000
4169.336914 6.404175 2002.604736 0.000000 -0.234253 0.000000 0.972176 1.000000 1.000000 1.000000
4534.546875 16.342773 1879.472656 0.000000 0.000000 0.000000 1.000000 1.000000 1.000000 1.000000
4062.438965 6.404175 2055.285156 0.000000 0.000000 0.000000 1.000000 1.000000 1.000000 1.000000
4532.296875 6.404175 2078.419678 0.000000 0.000000 0.000000 1.000000 1.000000 1.000000 1.000000
4480.697266 6.404175 2159.563232 0.000000 0.000000 0.000000 1.000000 1.000000 1.000000 1.000000
4653.279785 6.404175 2101.384033 0.000000 0.000000 0.000000 1.000000 1.000000 1.000000 1.000000
4742.445801 6.404175 1963.451782 0.000000 0.000000 0.000000 1.000000 1.000000 1.000000 1.000000
3953.528809 6.404175 1925.512085 0.000000 0.000000 0.000000 1.000000 1.000000 1.000000 1.000000
3900.218018 6.404175 2037.528442 0.000000 0.000000 0.000000 1.000000 1.000000 1.000000 1.000000
4045.828125 24.443481 2153.282715 0.000000 0.000000 0.000000 1.000000 1.000000 1.000000 1.000000
4306.135254 6.404175 1852.676025 0.000000 0.000000 0.000000 1.000000 1.000000 1.000000 1.000000
4374.939453 6.404175 2133.845947 0.000000 0.000000 0.000000 1.000000 1.000000 1.000000 1.000000
4733.458984 6.404175 1823.585693 0.000000 0.000000 0.000000 1.000000 1.000000 1.000000 1.000000
4589.121094 6.404175 2160.546875 0.000000 0.000000 0.000000 1.000000 1.000000 1.000000 1.000000
4999.918457 6.404175 2247.493408 0.000000 0.000000 0.000000 1.000000 1.000000 1.000000 1.000000
4235.587402 6.404175 2168.260254 0.000000 0.000000 0.000000 1.000000 1.000000 1.000000 1.000000
5078.432129 6.404175 1659.829102 0.000000 0.000000 0.000000 1.000000 1.000000 1.000000 1.000000
5165.429199 6.404175 1681.263062 0.000000 0.000000 0.000000 1.000000 1.000000 1.000000 1.000000
5013.867676 6.404175 1778.334229 0.000000 0.000000 0.000000 1.000000 1.000000 1.000000 1.000000
4982.298828 6.404175 1540.448120 0.000000 0.000000 0.000000 1.000000 1.000000 1.000000 1.000000
4994.795410 6.404175 2331.674805 0.000000 0.000000 0.000000 1.000000 1.000000 1.000000 1.000000
5374.262207 6.404175 2472.544678 0.000000 0.000000 0.000000 1.000000 1.000000 1.000000 1.000000
5470.026367 6.404175 2432.693848 0.000000 0.000000 0.000000 1.000000 1.000000 1.000000 1.000000
5551.430176 6.404175 2501.737793 0.000000 0.000000 0.000000 1.000000 1.000000 1.000000 1.000000
6058.791016 6.404175 2441.704102 0.000000 0.000000 0.000000 1.000000 1.000000 1.000000 1.000000
6053.587402 6.404175 2606.053955 0.000000 0.000000 0.000000 1.000000 1.000000 1.000000 1.000000
6379.600098 6.404175 2459.738525 0.000000 0.000000 0.000000 1.000000 1.000000 1.000000 1.000000
6591.132812 6.404175 2539.486084 0.000000 0.000000 0.000000 1.000000 1.000000 1.000000 1.000000
"}
object={
	name="env_sandstorm_small"
	clamp_to_water_level=no
	render_under_water=no
	generated_content=no
	layer="environmental_effects"
	entity="env_sandstorm_small"
	count=11
	transform="1524.869629 0.000000 2266.242920 0.000000 0.000000 0.000000 1.000000 1.000000 1.000000 1.000000
1424.647095 0.000000 2346.304443 0.000000 0.000000 0.000000 1.000000 1.000000 1.000000 1.000000
5719.011230 0.000000 2072.086914 0.000000 0.000000 0.000000 1.000000 1.000000 1.000000 1.000000
5700.957031 0.000000 2133.094482 0.000000 0.000000 0.000000 1.000000 1.000000 1.000000 1.000000
5767.175781 0.000000 2135.495850 0.000000 0.000000 0.000000 1.000000 1.000000 1.000000 1.000000
6175.189941 0.000000 2395.151367 0.000000 0.000000 0.000000 1.000000 1.000000 1.000000 1.000000
6194.946289 0.000000 2536.178711 0.000000 0.000000 0.000000 1.000000 1.000000 1.000000 1.000000
6251.045898 0.000000 2444.729004 0.000000 0.000000 0.000000 1.000000 1.000000 1.000000 1.000000
6727.796387 0.000000 2659.403809 0.000000 0.000000 0.000000 1.000000 1.000000 1.000000 1.000000
5391.098145 0.000000 2588.114258 0.000000 0.000000 0.000000 1.000000 1.000000 1.000000 1.000000
5333.659180 0.000000 2675.940186 0.000000 0.000000 0.000000 1.000000 1.000000 1.000000 1.000000
"}
object={
	name="env_snow_01_obj"
	clamp_to_water_level=no
	render_under_water=yes
	generated_content=no
	layer="environmental_effects"
	entity="env_snow_01"
	count=25
	transform="2961.795410 0.000000 3197.063477 0.000000 0.000000 0.000000 1.000000 1.000000 1.000000 1.000000
3039.779297 0.000000 3246.849121 0.000000 0.000000 0.000000 1.000000 1.000000 1.000000 1.000000
3124.475830 0.000000 3217.906006 0.000000 0.000000 0.000000 1.000000 1.000000 1.000000 1.000000
3184.805176 0.000000 3375.632812 0.000000 0.000000 0.000000 1.000000 1.000000 1.000000 1.000000
3030.193604 0.000000 3390.007812 0.000000 0.000000 0.000000 1.000000 1.000000 1.000000 1.000000
2943.225098 0.000000 3479.121826 0.000000 0.000000 0.000000 1.000000 1.000000 1.000000 1.000000
2953.421143 0.000000 3347.845703 0.000000 0.000000 0.000000 1.000000 1.000000 1.000000 1.000000
3328.612061 0.000000 3375.609375 0.000000 0.000000 0.000000 1.000000 1.000000 1.000000 1.000000
3385.218994 0.000000 3512.996826 0.000000 0.000000 0.000000 1.000000 1.000000 1.000000 1.000000
3207.112061 0.000000 3497.483887 0.000000 0.000000 0.000000 1.000000 1.000000 1.000000 1.000000
2971.707764 0.000000 3238.152832 0.000000 0.000000 0.000000 1.000000 1.000000 1.000000 1.000000
3003.759277 0.000000 3248.928955 0.000000 0.000000 0.000000 1.000000 1.000000 1.000000 1.000000
2932.356445 0.000000 3495.651367 0.000000 0.000000 0.000000 1.000000 1.000000 1.000000 1.000000
2894.247559 0.000000 3528.036133 0.000000 0.000000 0.000000 1.000000 1.000000 1.000000 1.000000
2863.936279 0.000000 3538.001953 0.000000 0.000000 0.000000 1.000000 1.000000 1.000000 1.000000
3035.687256 0.000000 3495.864258 0.000000 0.000000 0.000000 1.000000 1.000000 1.000000 1.000000
3190.147949 0.000000 3431.559326 0.000000 0.000000 0.000000 1.000000 1.000000 1.000000 1.000000
3215.773682 0.000000 3516.741211 0.000000 0.000000 0.000000 1.000000 1.000000 1.000000 1.000000
3417.734863 0.000000 3467.724854 0.000000 0.000000 0.000000 1.000000 1.000000 1.000000 1.000000
3293.557861 0.000000 3344.971191 0.000000 0.000000 0.000000 1.000000 1.000000 1.000000 1.000000
2053.250488 0.000000 3253.930420 0.000000 0.000000 0.000000 1.000000 1.000000 1.000000 1.000000
1498.091064 0.000000 3491.896973 0.000000 0.000000 0.000000 1.000000 1.000000 1.000000 1.000000
1267.727661 0.000000 3540.358643 0.000000 0.000000 0.000000 1.000000 1.000000 1.000000 1.000000
1519.300537 0.000000 3411.878662 0.000000 0.000000 0.000000 1.000000 1.000000 1.000000 1.000000
1712.516357 0.000000 3401.862549 0.000000 0.000000 0.000000 1.000000 1.000000 1.000000 1.000000
"}
object={
	name="env_snow_02_obj"
	clamp_to_water_level=no
	render_under_water=yes
	generated_content=no
	layer="environmental_effects"
	entity="env_snow_02"
	count=20
	transform="2948.568359 33.760986 3372.138672 0.000000 0.000000 0.000000 1.000000 1.000000 1.000000 1.000000
2988.882080 33.760986 3151.816650 0.000000 0.000000 0.000000 1.000000 1.000000 1.000000 1.000000
3310.762207 33.760986 3390.662354 0.000000 0.000000 0.000000 1.000000 1.000000 1.000000 1.000000
2996.120850 0.000000 3278.876709 0.000000 0.000000 0.000000 1.000000 1.000000 1.000000 1.000000
3182.653076 0.000000 3313.370117 0.000000 0.000000 0.000000 1.000000 1.000000 1.000000 1.000000
3229.690430 0.000000 3428.457520 0.000000 0.000000 0.000000 1.000000 1.000000 1.000000 1.000000
3037.943359 0.000000 3406.693604 0.000000 0.000000 0.000000 1.000000 1.000000 1.000000 1.000000
3009.177979 0.000000 3530.791748 0.000000 0.000000 0.000000 1.000000 1.000000 1.000000 1.000000
3257.875732 0.000000 3507.382324 0.000000 0.000000 0.000000 1.000000 1.000000 1.000000 1.000000
3082.129883 0.000000 3486.193604 0.000000 0.000000 0.000000 1.000000 1.000000 1.000000 1.000000
3057.112061 0.000000 3108.226562 0.000000 0.000000 0.000000 1.000000 1.000000 1.000000 1.000000
3062.515381 0.000000 3340.958984 0.000000 0.000000 0.000000 1.000000 1.000000 1.000000 1.000000
1289.684937 0.000000 3516.137695 0.000000 0.000000 0.000000 1.000000 1.000000 1.000000 1.000000
1550.856689 0.000000 3416.279297 0.000000 0.000000 0.000000 1.000000 1.000000 1.000000 1.000000
1422.905640 0.000000 3506.706055 0.000000 0.000000 0.000000 1.000000 1.000000 1.000000 1.000000
1678.412720 0.000000 3427.402344 0.000000 0.000000 0.000000 1.000000 1.000000 1.000000 1.000000
1643.034790 0.000000 3503.395020 0.000000 0.000000 0.000000 1.000000 1.000000 1.000000 1.000000
1809.461304 0.000000 3532.801270 0.000000 0.000000 0.000000 1.000000 1.000000 1.000000 1.000000
1865.670898 0.000000 3300.816650 0.000000 0.000000 0.000000 1.000000 1.000000 1.000000 1.000000
1975.217773 0.000000 3266.524658 0.000000 0.000000 0.000000 1.000000 1.000000 1.000000 1.000000
"}
object={
	name="env_snow_fall"
	clamp_to_water_level=no
	render_under_water=no
	generated_content=no
	layer="environmental_effects"
	entity="env_snow_fall"
	count=9
	transform="3175.550049 0.000000 3367.162842 0.000000 0.000000 0.000000 1.000000 1.000000 1.000000 1.000000
2948.942627 0.000000 3410.621582 0.000000 0.000000 0.000000 1.000000 1.000000 1.000000 1.000000
3056.282227 0.000000 3203.825195 0.000000 0.000000 0.000000 1.000000 1.000000 1.000000 1.000000
2431.431396 0.000000 3429.172119 0.000000 0.000000 0.000000 1.000000 1.000000 1.000000 1.000000
2510.822021 0.000000 3280.988281 0.000000 0.000000 0.000000 1.000000 1.000000 1.000000 1.000000
2139.041748 0.000000 3481.539307 0.000000 0.000000 0.000000 1.000000 1.000000 1.000000 1.000000
2202.332764 0.000000 3316.902100 0.000000 0.000000 0.000000 1.000000 1.000000 1.000000 1.000000
1923.629761 0.000000 3461.916504 0.000000 0.000000 0.000000 1.000000 1.000000 1.000000 1.000000
1497.051025 0.000000 3489.237061 0.000000 0.000000 0.000000 1.000000 1.000000 1.000000 1.000000
"}
object={
	name="env_snow_fall_small"
	clamp_to_water_level=no
	render_under_water=no
	generated_content=no
	layer="environmental_effects"
	entity="env_snow_fall_small"
	count=21
	transform="4335.145508 0.000000 3137.623535 0.000000 0.000000 0.000000 1.000000 1.000000 1.000000 1.000000
4418.582520 0.000000 3236.951416 0.000000 0.000000 0.000000 1.000000 1.000000 1.000000 1.000000
4577.532227 0.000000 3401.067871 0.000000 0.000000 0.000000 1.000000 1.000000 1.000000 1.000000
4693.636719 0.000000 3460.697754 0.000000 0.000000 0.000000 1.000000 1.000000 1.000000 1.000000
6735.958496 0.000000 3556.944092 0.000000 0.000000 0.000000 1.000000 1.000000 1.000000 1.000000
7311.035645 0.000000 3145.199951 0.000000 0.000000 0.000000 1.000000 1.000000 1.000000 1.000000
7962.499512 0.000000 3149.684082 0.000000 0.000000 0.000000 1.000000 1.000000 1.000000 1.000000
12.478135 0.000000 3489.162109 0.000000 0.000000 0.000000 1.000000 1.000000 1.000000 1.000000
586.444458 0.000000 3362.812500 0.000000 0.000000 0.000000 1.000000 1.000000 1.000000 1.000000
672.691589 0.000000 3364.936768 0.000000 0.000000 0.000000 1.000000 1.000000 1.000000 1.000000
830.818542 0.000000 3416.243408 0.000000 0.000000 0.000000 1.000000 1.000000 1.000000 1.000000
1256.122681 0.000000 3539.104980 0.000000 0.000000 0.000000 1.000000 1.000000 1.000000 1.000000
1722.030396 0.000000 3418.649902 0.000000 0.000000 0.000000 1.000000 1.000000 1.000000 1.000000
1687.784790 0.000000 3507.128418 0.000000 0.000000 0.000000 1.000000 1.000000 1.000000 1.000000
1563.881958 0.000000 3531.509521 0.000000 0.000000 0.000000 1.000000 1.000000 1.000000 1.000000
2181.798828 0.000000 3202.881836 0.000000 0.000000 0.000000 1.000000 1.000000 1.000000 1.000000
2353.606445 0.000000 3117.263428 0.000000 0.000000 0.000000 1.000000 1.000000 1.000000 1.000000
2475.750977 0.000000 3085.860352 0.000000 0.000000 0.000000 1.000000 1.000000 1.000000 1.000000
2642.165527 0.000000 3013.846191 0.000000 0.000000 0.000000 1.000000 1.000000 1.000000 1.000000
2622.321533 0.000000 3054.034424 0.000000 0.000000 0.000000 1.000000 1.000000 1.000000 1.000000
2666.925049 0.000000 2975.354248 0.000000 0.000000 0.000000 1.000000 1.000000 1.000000 1.000000
"}
object={
	name="env_swamp_fog"
	clamp_to_water_level=no
	render_under_water=no
	generated_content=no
	layer="environmental_effects"
	entity="env_swamp_fog"
	count=15
	transform="6121.678711 0.000000 2120.691895 0.000000 0.000000 0.000000 1.000000 1.000000 1.000000 1.000000
5648.812500 0.000000 2083.966553 0.000000 0.000000 0.000000 1.000000 1.000000 1.000000 1.000000
2235.148682 0.000000 2171.419678 0.000000 0.000000 0.000000 1.000000 0.700757 0.700757 0.700757
2261.762695 0.000000 2110.654053 0.000000 0.000000 0.000000 1.000000 0.685571 0.685571 0.685571
1995.811646 0.000000 2217.074951 0.000000 0.000000 0.000000 1.000000 0.694189 0.694189 0.694189
2021.002441 0.000000 2204.719971 0.000000 0.000000 0.000000 1.000000 0.694189 0.694189 0.694189
7923.410156 -0.387939 3187.472656 0.000000 -0.263513 0.000000 0.964656 1.000000 1.000000 1.000000
5098.054688 0.098206 1018.054443 0.000000 0.234609 0.000000 0.972090 1.000000 1.000000 1.000000
5106.956055 0.367676 1034.887085 0.000000 0.234609 0.000000 0.972090 1.000000 1.000000 1.000000
5125.703613 0.000000 1132.844116 0.000000 -0.875966 0.000000 -0.482373 1.000000 1.000000 1.000000
5147.757324 0.000000 1139.532715 0.000000 0.463223 0.000000 0.886242 1.000000 1.000000 1.000000
5141.740234 0.000000 1134.547363 0.000000 -0.561546 0.000000 0.827446 1.000000 1.000000 1.000000
6672.708008 0.000000 3076.025635 0.000000 -0.316427 0.000000 0.948617 1.000000 1.000000 1.000000
6774.507812 0.000000 3062.129883 0.000000 0.169166 0.000000 0.985588 1.000000 1.000000 1.000000
6900.895508 0.000000 3097.160889 0.000000 0.000000 0.000000 1.000000 1.000000 1.000000 1.000000
"}
object={
	name="env_tropical_rain"
	clamp_to_water_level=no
	render_under_water=no
	generated_content=no
	layer="environmental_effects"
	entity="env_tropical_rain_entity"
	count=54
	transform="4648.011230 0.000000 1359.581543 0.000000 0.000000 0.000000 1.000000 1.000000 1.000000 1.000000
4542.433594 0.000000 1368.830688 0.000000 0.000000 0.000000 1.000000 1.000000 1.000000 1.000000
4639.026855 0.000000 1469.761230 0.000000 0.000000 0.000000 1.000000 1.000000 1.000000 1.000000
4404.842285 0.000000 1394.675903 0.000000 0.000000 0.000000 1.000000 1.000000 1.000000 1.000000
4358.854492 0.000000 1483.328979 0.000000 0.000000 0.000000 1.000000 1.000000 1.000000 1.000000
4483.120605 0.000000 1591.648560 0.000000 0.000000 0.000000 1.000000 1.000000 1.000000 1.000000
4627.646973 0.000000 1660.623169 0.000000 0.000000 0.000000 1.000000 1.000000 1.000000 1.000000
2640.761230 0.000000 1167.140625 0.000000 0.000000 0.000000 1.000000 1.000000 1.000000 1.000000
2877.951904 0.000000 1248.439575 0.000000 0.000000 0.000000 1.000000 1.000000 1.000000 1.000000
2833.340576 0.000000 1392.223267 0.000000 0.000000 0.000000 1.000000 1.000000 1.000000 1.000000
2364.372803 0.000000 1433.882446 0.000000 0.000000 0.000000 1.000000 1.000000 1.000000 1.000000
2681.526611 0.000000 1598.984375 0.000000 0.000000 0.000000 1.000000 1.000000 1.000000 1.000000
2842.275635 0.000000 1565.565796 0.000000 0.000000 0.000000 1.000000 1.000000 1.000000 1.000000
3003.767334 0.000000 1425.819214 0.000000 0.000000 0.000000 1.000000 1.000000 1.000000 1.000000
2847.604492 0.000000 1098.530151 0.000000 0.000000 0.000000 1.000000 1.000000 1.000000 1.000000
2891.528564 0.000000 1000.932800 0.000000 0.000000 0.000000 1.000000 1.000000 1.000000 1.000000
4058.375244 0.000000 2824.835938 0.000000 0.000000 0.000000 1.000000 1.000000 1.000000 1.000000
4049.726562 0.000000 2796.259766 0.000000 0.000000 0.000000 1.000000 1.000000 1.000000 1.000000
4030.023682 0.000000 2896.816895 0.000000 0.000000 0.000000 1.000000 1.000000 1.000000 1.000000
4086.288330 0.000000 2808.680664 0.000000 0.000000 0.000000 1.000000 1.000000 1.000000 1.000000
4006.957764 0.000000 2775.078857 0.000000 0.000000 0.000000 1.000000 1.000000 1.000000 1.000000
4023.648682 0.000000 2828.401367 0.000000 0.000000 0.000000 1.000000 1.000000 1.000000 1.000000
4072.217773 0.000000 2801.304932 0.000000 0.000000 0.000000 1.000000 1.000000 1.000000 1.000000
4042.374512 0.000000 2894.884766 0.000000 0.000000 0.000000 1.000000 1.000000 1.000000 1.000000
4004.169434 0.000000 2949.915283 0.000000 0.000000 0.000000 1.000000 1.000000 1.000000 1.000000
4020.088623 0.000000 2971.802734 0.000000 0.000000 0.000000 1.000000 1.000000 1.000000 1.000000
3916.327881 0.000000 2854.915771 0.000000 0.000000 0.000000 1.000000 1.000000 1.000000 1.000000
3885.087891 0.000000 1696.199585 0.000000 0.000000 0.000000 1.000000 1.000000 1.000000 1.000000
3809.544434 0.000000 1760.991089 0.000000 0.000000 0.000000 1.000000 1.000000 1.000000 1.000000
3778.434570 0.000000 1820.847290 0.000000 0.000000 0.000000 1.000000 1.000000 1.000000 1.000000
2585.610107 0.000000 1355.439575 0.000000 0.000000 0.000000 1.000000 1.000000 1.000000 1.000000
3034.123291 0.000000 1126.104492 0.000000 0.000000 0.000000 1.000000 1.000000 1.000000 1.000000
3154.439941 0.000000 1320.163696 0.000000 0.000000 0.000000 1.000000 1.000000 1.000000 1.000000
2722.130859 0.000000 1544.036011 0.000000 0.000000 0.000000 1.000000 1.000000 1.000000 1.000000
2874.067627 0.000000 1566.528320 0.000000 0.000000 0.000000 1.000000 1.000000 1.000000 1.000000
2657.970459 0.000000 1638.497803 0.000000 0.000000 0.000000 1.000000 1.000000 1.000000 1.000000
3192.559326 0.000000 1342.025269 0.000000 0.000000 0.000000 1.000000 1.000000 1.000000 1.000000
3114.616455 0.000000 1045.618652 0.000000 0.000000 0.000000 1.000000 1.000000 1.000000 1.000000
2906.769531 0.000000 854.751526 0.000000 0.000000 0.000000 1.000000 1.000000 1.000000 1.000000
2772.330811 0.000000 758.444580 0.000000 0.000000 0.000000 1.000000 1.000000 1.000000 1.000000
2230.558105 0.000000 2354.113770 0.000000 0.000000 0.000000 1.000000 1.000000 1.000000 1.000000
2305.571045 0.000000 2426.618408 0.000000 0.000000 0.000000 1.000000 1.000000 1.000000 1.000000
4143.556152 0.000000 2635.482910 0.000000 0.000000 0.000000 1.000000 1.000000 1.000000 1.000000
4297.653809 0.000000 2738.580322 0.000000 0.000000 0.000000 1.000000 1.000000 1.000000 1.000000
5819.696777 0.000000 1816.522095 0.000000 0.000000 0.000000 1.000000 1.000000 1.000000 1.000000
5841.829102 0.000000 1773.986206 0.000000 0.000000 0.000000 1.000000 1.000000 1.000000 1.000000
6699.505371 0.000000 1488.087158 0.000000 0.000000 0.000000 1.000000 1.000000 1.000000 1.000000
4705.292480 0.000000 1592.613647 0.000000 0.000000 0.000000 1.000000 1.000000 1.000000 1.000000
4229.312988 0.000000 1717.360229 0.000000 0.000000 0.000000 1.000000 1.000000 1.000000 1.000000
4008.987305 0.000000 1734.613037 0.000000 0.000000 0.000000 1.000000 1.000000 1.000000 1.000000
2517.949707 0.000000 1485.886108 0.000000 0.000000 0.000000 1.000000 1.000000 1.000000 1.000000
2899.473145 0.000000 1217.242798 0.000000 0.000000 0.000000 1.000000 1.000000 1.000000 1.000000
2847.963623 0.000000 902.932922 0.000000 0.000000 0.000000 1.000000 1.000000 1.000000 1.000000
2630.714111 0.000000 1573.889771 0.000000 0.000000 0.000000 1.000000 1.000000 1.000000 1.000000
"}
object={
	name="env_tropical_rain_dense"
	clamp_to_water_level=no
	render_under_water=no
	generated_content=no
	layer="environmental_effects"
	entity="env_tropical_rain_dense_entity"
	count=9
	transform="4053.046387 0.000000 2832.871826 0.000000 0.000000 0.000000 1.000000 1.000000 1.000000 1.000000
4045.267090 0.000000 2844.814453 0.000000 0.000000 0.000000 1.000000 1.000000 1.000000 1.000000
4056.917236 0.000000 2829.064453 0.000000 0.000000 0.000000 1.000000 1.000000 1.000000 1.000000
4087.731445 0.000000 2791.598877 0.000000 0.000000 0.000000 1.000000 1.000000 1.000000 1.000000
4040.426025 0.000000 2773.602295 0.000000 0.000000 0.000000 1.000000 1.000000 1.000000 1.000000
4031.536865 0.000000 2900.774170 0.000000 0.000000 0.000000 1.000000 1.000000 1.000000 1.000000
4004.439697 0.000000 2956.739990 0.000000 0.000000 0.000000 1.000000 1.000000 1.000000 1.000000
3980.554688 0.000000 2940.435791 0.000000 0.000000 0.000000 1.000000 1.000000 1.000000 1.000000
3992.062744 0.000000 2902.320801 0.000000 0.000000 0.000000 1.000000 1.000000 1.000000 1.000000
"}
object={
	name="env_volcano_idle_obj"
	clamp_to_water_level=no
	render_under_water=no
	generated_content=no
	layer="environmental_effects"
	entity="env_volcano_idle"
	count=4
	transform="4437.087891 0.000000 2414.440430 0.000000 0.000000 0.000000 1.000000 1.000000 1.000000 1.000000
7745.021973 0.000000 2935.970459 0.000000 0.000000 0.000000 1.000000 1.000000 1.000000 1.000000
3654.947998 0.000000 3211.689209 0.000000 0.000000 0.000000 1.000000 1.000000 1.000000 1.000000
7252.965332 0.000000 2352.594971 0.000000 0.000000 0.000000 1.000000 1.000000 1.000000 1.000000
"}
object={
	name="env_waterfall_bottom"
	clamp_to_water_level=no
	render_under_water=yes
	generated_content=no
	layer="environmental_effects"
	entity="env_waterfall_02"
	count=10
	transform="4288.720215 0.000000 3081.670166 0.000000 -0.784706 0.000000 0.619868 0.638376 0.638376 0.638376
4296.690918 0.000000 3082.318848 0.000000 -0.497321 0.000000 0.867567 0.496438 0.496438 0.496438
4332.291016 0.000000 3110.441162 0.000000 0.013671 0.000000 0.999907 0.496438 0.496438 0.496438
4553.341309 0.000000 1509.772583 0.000000 0.194253 0.000000 0.980951 0.776111 0.776111 0.776111
4813.029297 0.000000 1609.510376 0.000000 -0.742784 0.000000 0.669531 1.000000 1.000000 1.000000
4808.924316 0.000000 1563.247803 0.000000 -0.788212 0.000000 0.615404 1.000000 1.000000 1.000000
2713.965820 0.558594 1708.312378 0.000000 0.547553 0.000000 0.836771 1.000000 1.000000 1.000000
7436.794922 0.000000 483.801819 0.000000 0.941190 0.000000 0.337878 1.000000 1.000000 1.000000
5142.580078 0.000000 1052.517212 0.000000 0.000000 0.000000 1.000000 1.000000 1.000000 1.000000
3614.524902 0.000000 3215.227295 0.000000 -0.929859 0.000000 0.367915 1.573901 1.573901 1.573901
"}
object={
	name="env_waterfall_top"
	clamp_to_water_level=no
	render_under_water=yes
	generated_content=no
	layer="environmental_effects"
	entity="env_waterfall_01"
	count=15
	transform="4287.623047 0.000000 3081.866699 0.000000 -0.575803 0.000000 0.817588 0.722831 0.722831 0.722831
4295.661133 0.000000 3082.519043 0.000000 -0.559170 0.000000 0.829053 0.649893 0.649893 0.649893
4332.280762 0.000000 3111.082520 0.000000 0.000000 0.000000 1.000000 0.649893 0.649893 0.649893
4511.316406 -0.462646 1456.521118 0.000000 -0.197724 0.000000 0.980258 1.001148 1.001148 1.001148
6475.961914 0.000000 2129.834717 0.000000 0.000000 0.000000 1.000000 1.057869 1.057869 1.057869
6457.631836 0.000000 2106.548584 0.000000 0.000000 0.000000 1.000000 1.507593 1.507593 1.507593
4810.700684 -0.634766 1601.083862 0.000000 0.999812 0.000000 0.019403 1.171411 1.171411 1.171411
4808.419922 -0.602051 1548.441284 0.000000 0.999848 0.000000 0.017451 1.171411 1.171411 1.171411
2711.503174 -0.807739 1709.087036 0.000000 0.855529 0.000000 -0.517755 1.281909 1.281909 1.281909
7121.958008 0.000000 945.054504 0.000000 -0.318105 0.000000 0.948055 1.171595 1.171595 1.171595
7435.791992 0.000000 485.010925 0.000000 -0.317295 0.000000 0.948327 1.279531 1.279531 1.279531
6677.027344 0.000000 1533.963989 0.000000 -0.181064 0.000000 0.983471 1.123545 1.123545 1.123545
5143.584961 -0.692383 1075.255981 0.000000 0.826865 0.000000 0.562400 1.000000 1.000000 1.000000
5143.042480 -0.692383 1074.253418 0.000000 0.949522 0.000000 0.313700 1.000000 1.000000 1.000000
3616.431396 0.000000 3217.496582 0.000000 0.353802 0.000000 0.935320 1.378100 1.378100 1.378100
"}
object={
	name="rock_granite_river_01_entity"
	clamp_to_water_level=no
	render_under_water=yes
	generated_content=no
	layer="environmental_effects"
	entity="rock_granite_river_01_entity"
	count=19
	transform="4582.820312 0.000000 2450.219482 0.000000 -0.999896 0.000000 0.014399 1.000000 1.000000 1.000000
4116.134766 0.000000 2559.244141 0.000000 0.534748 0.000000 0.845012 1.000000 1.000000 1.000000
4111.396973 0.000000 2558.987061 0.000000 0.712183 0.000000 0.701994 1.000000 1.000000 1.000000
4109.364746 0.000000 2558.352783 0.000000 0.396961 0.000000 0.917836 1.000000 1.000000 1.000000
6977.797363 0.000000 2414.946777 0.000000 -0.974129 0.000000 0.225993 1.062451 1.062451 1.062451
5890.294922 0.000000 2259.306152 0.000000 -0.263160 0.000000 0.964752 1.000000 1.000000 1.000000
5889.711426 0.000000 2260.226562 0.000000 -0.669806 0.000000 0.742536 1.000000 1.000000 1.000000
5884.133789 0.000000 2260.562012 0.000000 -0.863072 0.000000 0.505081 1.000000 1.000000 1.000000
4332.066895 0.000000 3107.170654 0.000000 -0.997614 0.000000 -0.069041 0.838916 0.838916 0.838916
4339.749023 0.000000 3099.649170 0.000000 -0.775883 0.000000 -0.630877 0.838916 0.838916 0.838916
4343.203125 0.000000 3097.845947 0.000000 -0.788469 0.000000 -0.615074 0.838916 0.838916 0.838916
4332.127930 0.000000 3112.399414 0.000000 -0.997614 0.000000 -0.069041 0.838916 0.838916 0.838916
7291.419922 0.000000 2365.823730 0.000000 0.800227 0.000000 0.599697 1.000000 1.000000 1.000000
5006.024414 0.000000 2416.954346 0.000000 -0.899721 0.000000 -0.436463 1.000000 1.000000 1.000000
4968.879883 0.000000 2438.310791 0.000000 -0.956879 0.000000 0.290486 1.000000 1.000000 1.000000
5039.801758 0.000000 2436.447510 0.000000 -0.614637 0.000000 0.788810 1.000000 1.000000 1.000000
7449.976074 0.000000 469.585388 0.000000 0.934803 0.000000 0.355168 1.000000 1.000000 1.000000
7446.733398 0.000000 475.266998 0.000000 0.993931 0.000000 0.110002 1.000000 1.000000 1.000000
4292.325684 0.000000 2654.937988 0.000000 0.604039 0.000000 0.796955 1.000000 1.000000 1.000000
"}
object={
	name="sfx_rain_emitter"
	clamp_to_water_level=no
	render_under_water=no
	generated_content=no
	layer="environmental_effects"
	entity="vfx_rain_emitter"
	count=0
}
object={
	name="sfx_sandstorm_emitter"
	clamp_to_water_level=no
	render_under_water=no
	generated_content=no
	layer="environmental_effects"
	entity="vfx_sandstorm_emitter"
	count=0
}
object={
	name="sfx_snowstorm_emitter"
	clamp_to_water_level=no
	render_under_water=no
	generated_content=no
	layer="environmental_effects"
	entity="vfx_snowstorm_emitter"
	count=0
}
