object={
	name="lakes"
	clamp_to_water_level=yes
	render_under_water=yes
	generated_content=no
	layer="static"
	pdxmesh="lake_mesh"
	count=323
	transform="4311.174316 0.337890 2687.438721 0.000000 -0.238277 0.000000 -0.971197 11.371896 11.371896 11.371896
1562.046631 0.961914 2530.983398 0.000000 0.739352 0.000000 0.673319 8.217487 8.217487 8.217487
4799.514648 0.532715 1552.831665 0.000000 0.940009 0.000000 0.341150 17.291389 17.291389 17.291389
4768.483887 0.791992 1507.030396 0.000000 0.966467 0.000000 0.256790 16.642942 16.642942 16.642942
4756.362305 1.100830 1466.283203 0.000000 0.892742 0.000000 0.450569 12.448472 12.448472 12.448472
7621.238281 0.141846 2736.797119 0.000000 0.771247 0.000000 0.636536 1.190724 1.190724 1.190724
4317.052246 0.000000 2682.507812 0.000000 0.000000 0.000000 1.000000 1.000000 1.000000 1.000000
4833.646484 -0.081909 1328.057983 0.000000 0.266633 0.000000 0.963798 23.135908 23.135908 23.135908
4880.244629 0.434326 1263.406860 0.000000 0.682621 0.000000 0.730773 36.361248 36.361248 36.361248
2516.632568 1.110474 1145.859131 0.000000 -0.375730 0.000000 -0.926729 24.135477 24.135477 24.135477
2569.046143 1.118285 1081.037598 0.000000 0.711454 0.000000 0.702733 18.685139 18.685139 18.685139
4789.799805 -0.840942 1372.991943 0.000000 0.597697 0.000000 0.801722 76.219727 76.219727 76.219727
4940.422852 0.816650 1788.846802 0.000000 0.819414 0.000000 0.573203 6.763369 6.763369 6.763369
6343.658203 -0.736572 1572.566284 0.000000 0.331958 0.000000 0.943294 8.633564 8.633564 8.633564
6348.625977 0.205933 1568.529053 0.000000 0.015685 0.000000 0.999877 4.289603 4.289603 4.289603
6375.420410 2.168701 2393.648193 0.000000 0.313067 0.000000 0.949731 15.160834 15.160834 15.160834
6369.687012 0.058350 2387.019287 0.000000 0.151634 0.000000 0.988437 9.656199 9.656199 9.656199
6387.931641 0.520996 2384.391113 0.000000 0.837424 0.000000 0.546553 2.793945 2.793945 2.793945
6767.435059 0.599609 2724.979980 0.000000 0.929590 0.000000 0.368596 16.325701 16.325701 16.325701
6774.376953 0.630615 2692.595215 0.000000 -0.430189 0.000000 0.902739 7.032688 7.032688 7.032688
6743.470215 0.388672 2770.762207 0.000000 0.000000 0.000000 1.000000 1.792741 1.792741 1.792741
4946.927246 1.119263 1788.150391 0.000000 0.812392 0.000000 0.583112 10.004616 10.004616 10.004616
4884.524902 0.445679 1204.589233 0.000000 0.657157 0.000000 0.753754 23.579994 23.579994 23.579994
4898.057617 0.327026 1178.075317 0.000000 0.819379 0.000000 0.573252 4.211415 4.211415 4.211415
4244.606934 0.317627 2653.143799 0.000000 -0.148678 0.000000 0.988886 10.431274 10.431274 10.431274
1537.479614 0.837402 2504.404297 0.000000 0.330015 0.000000 0.943976 25.145620 25.145620 25.145620
1551.712158 0.606201 2480.845703 0.000000 -0.346442 0.000000 0.938072 4.236096 4.236096 4.236096
6314.682617 -0.041748 2342.314941 0.000000 0.000000 0.000000 1.000000 11.387200 11.387200 11.387200
6262.225586 1.279297 2394.915771 0.000000 0.311037 0.000000 0.950398 5.611830 5.611830 5.611830
6208.830566 1.468994 2363.531738 0.000000 0.216533 0.000000 0.976275 6.450065 6.450065 6.450065
6187.351074 2.016357 2358.526123 0.000000 0.000000 0.000000 1.000000 6.708235 6.708235 6.708235
6192.021973 1.756592 2349.797607 0.000000 0.000000 0.000000 1.000000 6.691922 6.691922 6.691922
6169.429199 2.048828 2359.223145 0.000000 0.000000 0.000000 1.000000 7.789779 7.789779 7.789779
6163.061035 0.718994 2424.563232 0.000000 0.305114 0.000000 0.952316 5.749835 5.749835 5.749835
6130.728027 1.861328 2410.307129 0.000000 0.000000 0.000000 1.000000 9.109235 9.109235 9.109235
6108.312500 1.471680 2396.932617 0.000000 -0.482636 0.000000 0.875821 6.515981 6.515981 6.515981
6130.973145 1.466309 2378.150146 0.000000 0.256028 0.000000 0.966669 8.323861 8.323861 8.323861
6148.023926 1.720703 2362.963135 0.000000 0.000000 0.000000 1.000000 4.380484 4.380484 4.380484
6151.740723 1.560791 2349.448242 0.000000 0.000000 0.000000 1.000000 11.541952 11.541952 11.541952
6126.993652 1.821289 2351.359131 0.000000 0.182564 0.000000 0.983194 5.190495 5.190495 5.190495
6153.736328 0.000000 2338.214844 0.000000 0.052344 0.000000 0.998629 8.728559 8.728559 8.728559
6120.970215 1.918213 2332.281006 0.000000 0.000000 0.000000 1.000000 8.918300 8.918300 8.918300
6082.062500 1.108643 2333.423340 0.000000 0.000000 0.000000 1.000000 4.092042 4.092042 4.092042
6170.670898 1.239990 2314.924561 0.000000 0.860036 0.000000 0.510234 4.531279 4.531279 4.531279
6145.305176 2.105957 2303.233154 0.000000 0.000000 0.000000 1.000000 17.845058 17.845058 17.845058
6143.152832 1.180420 2278.585938 0.000000 0.000000 0.000000 1.000000 4.157068 4.157068 4.157068
6163.524414 1.059570 2269.273682 0.000000 0.000000 0.000000 1.000000 5.823675 5.823675 5.823675
6177.364258 1.093018 2268.339355 0.000000 0.788662 0.000000 0.614827 4.652503 4.652503 4.652503
6156.825195 1.149414 2247.738525 0.000000 0.746126 0.000000 0.665805 3.703257 3.703257 3.703257
6157.551270 1.718018 2234.866211 0.000000 -0.140645 0.000000 0.990060 11.747024 11.747024 11.747024
6164.130371 0.308594 2190.544922 0.000000 0.164351 0.000000 0.986402 4.496713 4.496713 4.496713
6157.857422 0.894287 2188.201416 0.000000 -0.200117 0.000000 0.979772 6.245833 6.245833 6.245833
6160.064941 0.800537 2193.831055 0.000000 -0.880899 0.000000 0.473304 3.221317 3.221317 3.221317
6152.985840 1.479248 2181.696045 0.000000 0.000000 0.000000 1.000000 5.653030 5.653030 5.653030
6118.436035 -0.319336 2257.619629 0.000000 0.000000 0.000000 1.000000 16.690935 16.690935 16.690935
6097.871582 1.135986 2259.458252 0.000000 -0.052161 0.000000 0.998639 7.981737 7.981737 7.981737
6087.261230 0.912598 2264.487793 0.000000 -0.316543 0.000000 0.948578 4.791732 4.791732 4.791732
6105.970215 1.181885 2245.760742 0.000000 0.285756 0.000000 0.958302 9.357993 9.357993 9.357993
6077.705078 1.014893 2242.304688 0.000000 -0.367749 0.000000 0.929925 7.431341 7.431341 7.431341
6065.568359 1.228760 2242.562744 0.000000 -0.497268 0.000000 0.867597 9.394437 9.394437 9.394437
6061.744629 1.307129 2224.050537 0.000000 -0.692636 0.000000 0.721288 4.257843 4.257843 4.257843
6058.758789 1.109375 2232.808594 0.000000 0.317990 0.000000 0.948094 4.211865 4.211865 4.211865
6044.273926 1.397949 2240.048584 0.000000 0.185144 0.000000 0.982711 8.500686 8.500686 8.500686
6046.110352 0.991211 2213.073975 0.000000 0.648512 0.000000 0.761205 5.938813 5.938813 5.938813
6025.759277 1.825928 2222.717285 0.000000 0.619872 0.000000 0.784703 5.171260 5.171260 5.171260
6008.939453 2.412598 2228.340088 0.000000 0.673288 0.000000 0.739380 4.252345 4.252345 4.252345
6009.782715 0.770508 2244.737549 0.000000 0.000000 0.000000 1.000000 5.541442 5.541442 5.541442
6008.037598 0.775146 2250.750732 0.000000 -0.326253 0.000000 0.945283 5.598415 5.598415 5.598415
5997.971680 1.729004 2239.252686 0.000000 -0.531391 0.000000 0.847127 3.743859 3.743859 3.743859
5994.814453 1.248779 2248.662598 0.000000 0.000000 0.000000 1.000000 4.510306 4.510306 4.510306
5986.871094 0.769287 2255.529785 0.000000 0.254730 0.000000 0.967012 8.070271 8.070271 8.070271
5947.407715 -0.195312 2233.554932 0.000000 0.218797 0.000000 0.975770 8.052766 8.052766 8.052766
5888.626465 0.768555 2310.195557 0.000000 0.000000 0.000000 1.000000 6.136228 6.136228 6.136228
5883.013184 0.569092 2315.088867 0.000000 0.386290 0.000000 0.922377 3.507276 3.507276 3.507276
5792.667969 0.378662 2327.610596 0.000000 -0.255084 0.000000 0.966919 4.290762 4.290762 4.290762
5953.166504 1.268799 2318.339355 0.000000 0.072507 0.000000 0.997368 7.932338 7.932338 7.932338
5969.396973 1.640381 2323.277100 0.000000 0.393597 0.000000 0.919283 4.997192 4.997192 4.997192
5940.132812 1.471436 2344.530518 0.000000 0.000000 0.000000 1.000000 12.829619 12.829619 12.829619
5912.696777 1.301758 2349.368896 0.000000 0.537427 0.000000 0.843310 5.100407 5.100407 5.100407
5826.575195 0.406738 2266.687256 0.000000 0.563060 0.000000 0.826416 5.326418 5.326418 5.326418
5772.540527 0.249756 2297.645752 0.000000 0.226294 0.000000 0.974059 5.834273 5.834273 5.834273
5853.366699 1.594971 2538.962158 0.000000 0.000000 0.000000 1.000000 24.814547 24.814547 24.814547
5983.668945 0.260254 2608.854736 0.000000 0.151333 0.000000 0.988483 5.875855 5.875855 5.875855
5956.115723 0.395752 2643.483887 0.000000 0.561647 0.000000 0.827377 15.908351 15.908351 15.908351
5937.990723 0.267090 2657.528564 0.000000 0.000000 0.000000 1.000000 12.923537 12.923537 12.923537
5826.830566 -0.018799 2654.825439 0.000000 -0.153022 0.000000 0.988223 76.885681 76.885681 76.885681
5624.196289 0.305908 2497.654053 0.000000 0.000000 0.000000 1.000000 29.033735 29.033735 29.033735
6076.865723 0.511719 2528.348389 0.000000 0.000000 0.000000 1.000000 11.077363 11.077363 11.077363
6149.803223 0.768311 2485.994385 0.000000 0.724370 0.000000 0.689412 15.071332 15.071332 15.071332
6047.813477 0.681885 2719.125977 0.000000 -0.055757 0.000000 0.998444 6.713063 6.713063 6.713063
6111.339355 0.962891 2713.932861 0.000000 0.000000 0.000000 1.000000 5.675715 5.675715 5.675715
6571.801758 1.170410 2499.111572 0.000000 -0.328329 0.000000 0.944564 6.638279 6.638279 6.638279
6137.102051 0.455322 2771.393311 0.000000 0.193953 0.000000 0.981011 2.875146 2.875146 2.875146
6166.666016 0.442627 2761.269043 0.000000 0.000000 0.000000 1.000000 6.223237 6.223237 6.223237
6156.568359 0.549805 2741.145020 0.000000 0.000000 0.000000 1.000000 8.842854 8.842854 8.842854
6206.677246 0.793213 2766.466797 0.000000 0.000000 0.000000 1.000000 22.659325 22.659325 22.659325
6219.939941 0.409180 2731.011963 0.000000 0.277381 0.000000 0.960760 13.437537 13.437537 13.437537
6196.274902 0.629395 2698.874756 0.000000 -0.430850 0.000000 0.902424 19.030985 19.030985 19.030985
6219.515625 0.085938 2693.046631 0.000000 0.539895 0.000000 0.841732 14.833253 14.833253 14.833253
6310.613281 0.485596 2722.294922 0.000000 -0.144210 0.000000 0.989547 5.726831 5.726831 5.726831
6350.131348 0.266113 2733.617920 0.000000 0.000000 0.000000 1.000000 6.838041 6.838041 6.838041
6357.386230 0.357178 2798.436523 0.000000 -0.497162 0.000000 0.867658 5.802712 5.802712 5.802712
6380.382812 0.546387 2786.512451 0.000000 0.808279 0.000000 0.588800 21.246702 21.246702 21.246702
6517.279297 0.373291 2792.502686 0.000000 -0.394831 0.000000 0.918754 4.296883 4.296883 4.296883
6769.527344 0.716797 2625.304443 0.000000 -0.394270 0.000000 0.918995 7.266500 7.266500 7.266500
6750.042969 0.584717 2564.275146 0.000000 -0.357795 0.000000 0.933800 6.726596 6.726596 6.726596
6771.093750 0.342041 2678.255615 0.000000 0.000000 0.000000 1.000000 3.368872 3.368872 3.368872
6763.920898 0.057861 2682.133057 0.000000 0.709177 0.000000 0.705031 2.529687 2.529687 2.529687
6926.327148 0.166504 2644.941650 0.000000 0.000000 0.000000 1.000000 2.784595 2.784595 2.784595
6916.116211 0.205322 2632.275879 0.000000 0.000000 0.000000 1.000000 6.182251 6.182251 6.182251
6924.276855 0.161865 2618.955322 0.000000 0.424063 0.000000 0.905633 6.366743 6.366743 6.366743
6738.164062 0.355469 2738.345703 0.000000 0.000000 0.000000 1.000000 3.013794 3.013794 3.013794
6731.287598 0.229004 2742.067383 0.000000 0.000000 0.000000 1.000000 2.006445 2.006445 2.006445
6725.999023 0.424316 2742.106201 0.000000 0.000000 0.000000 1.000000 4.501147 4.501147 4.501147
6656.431641 0.621582 2816.924316 0.000000 -0.129094 0.000000 0.991632 2.539502 2.539502 2.539502
6662.714355 0.434326 2823.103271 0.000000 -0.291716 0.000000 0.956505 3.818879 3.818879 3.818879
6667.245605 0.380371 2824.873047 0.000000 0.390621 0.000000 0.920552 1.717090 1.717090 1.717090
6669.489746 0.236816 2826.520996 0.000000 0.219452 0.000000 0.975623 2.261756 2.261756 2.261756
6633.951660 0.729004 2835.933838 0.000000 -0.306509 0.000000 0.951868 7.826976 7.826976 7.826976
6642.400879 0.000000 2843.935059 0.000000 -0.417142 0.000000 0.908842 4.407404 4.407404 4.407404
6627.238770 0.149658 2936.360596 0.000000 -0.324579 0.000000 0.945859 3.225024 3.225024 3.225024
6639.453613 0.948242 2919.642578 0.000000 0.000000 0.000000 1.000000 2.216981 2.216981 2.216981
6651.443848 0.765625 2904.687256 0.000000 -0.205078 0.000000 0.978746 3.975498 3.975498 3.975498
6667.571777 0.874023 2915.824707 0.000000 -0.276501 0.000000 0.961014 4.945201 4.945201 4.945201
6679.696289 0.537109 2921.114258 0.000000 0.000000 0.000000 1.000000 3.679751 3.679751 3.679751
6981.797363 0.146484 2574.050293 0.000000 0.150971 0.000000 0.988538 5.553912 5.553912 5.553912
6536.833008 0.541504 2842.719238 0.000000 -0.419082 0.000000 0.907948 84.422134 84.422134 84.422134
6588.333008 0.538574 2918.101318 0.000000 -0.650322 0.000000 0.759659 18.267267 18.267267 18.267267
5667.590332 0.377686 2765.876709 0.000000 0.000000 0.000000 1.000000 39.477253 39.477253 39.477253
5125.255859 0.339355 2485.608643 0.000000 0.182804 0.000000 0.983149 8.726737 8.726737 8.726737
5130.194824 0.336914 2480.093750 0.000000 -0.180283 0.000000 0.983615 7.241370 7.241370 7.241370
5129.727539 0.838623 2411.009766 0.000000 0.534129 0.000000 0.845403 19.693180 19.693180 19.693180
5072.550781 0.818848 2437.310303 0.000000 0.107094 0.000000 0.994249 15.515512 15.515512 15.515512
5083.318359 0.411133 2445.801514 0.000000 -0.261570 0.000000 0.965185 9.088415 9.088415 9.088415
4857.008301 0.268799 2442.501953 0.000000 0.410585 0.000000 0.911822 14.390911 14.390911 14.390911
4812.946289 0.760742 2416.163818 0.000000 0.510973 0.000000 0.859597 10.294683 10.294683 10.294683
4798.534180 0.303223 2422.843262 0.000000 0.753395 0.000000 0.657568 7.021284 7.021284 7.021284
4574.344727 0.719727 2498.773926 0.000000 0.712183 0.000000 0.701994 5.335889 5.335889 5.335889
4567.502930 0.419189 2502.693848 0.000000 0.789712 0.000000 0.613478 5.108486 5.108486 5.108486
4417.067383 0.362793 1816.898193 0.000000 0.280839 0.000000 0.959755 40.575478 40.575478 40.575478
5046.490723 0.239380 1769.150024 0.000000 0.000000 0.000000 1.000000 5.191329 5.191329 5.191329
5042.385742 0.168335 1773.529419 0.000000 0.261040 0.000000 0.965328 2.856995 2.856995 2.856995
5043.863770 0.298340 1777.790405 0.000000 0.457968 0.000000 0.888969 2.795314 2.795314 2.795314
4984.621094 0.553101 1704.687744 0.000000 -0.502818 0.000000 0.864393 4.041598 4.041598 4.041598
4955.541504 0.044434 1654.047729 0.000000 -0.418084 0.000000 0.908408 12.426253 12.426253 12.426253
4934.480469 0.525635 1619.700928 0.000000 -0.453187 0.000000 0.891416 7.580142 7.580142 7.580142
4920.147949 0.351562 1585.603149 0.000000 0.030330 0.000000 0.999540 36.492706 36.492706 36.492706
4916.296875 0.332153 1609.764771 0.000000 0.717305 0.000000 0.696759 9.590340 9.590340 9.590340
4949.622070 -0.099487 1494.023438 0.000000 -0.130305 0.000000 0.991474 4.574319 4.574319 4.574319
4955.634766 0.147705 1495.343384 0.000000 0.420301 0.000000 0.907385 2.212146 2.212146 2.212146
4916.038086 0.364746 1458.985596 0.000000 0.810894 0.000000 0.585193 5.617349 5.617349 5.617349
4845.387207 -0.090332 1549.748657 0.000000 0.000000 0.000000 1.000000 17.059893 17.059893 17.059893
4853.546875 1.283081 1498.675537 0.000000 0.000000 0.000000 1.000000 59.113724 59.113724 59.113724
4838.107910 0.608887 1460.937012 0.000000 0.000000 0.000000 1.000000 32.305134 32.305134 32.305134
4947.055176 0.437988 1429.848022 0.000000 0.716794 0.000000 0.697284 4.265610 4.265610 4.265610
4910.628418 0.433472 1431.257690 0.000000 0.787874 0.000000 0.615837 6.750859 6.750859 6.750859
4894.403809 0.499512 1431.601562 0.000000 -0.242907 0.000000 0.970050 13.056218 13.056218 13.056218
4748.589355 0.793457 1307.332520 0.000000 -0.457208 0.000000 0.889360 14.113455 14.113455 14.113455
4772.688477 0.944702 1257.812378 0.000000 -0.542154 0.000000 0.840279 10.966310 10.966310 10.966310
4711.095215 0.538452 1264.869019 0.000000 0.004517 0.000000 0.999990 6.311971 6.311971 6.311971
4711.093262 0.502441 1261.301514 0.000000 0.000000 0.000000 1.000000 2.234229 2.234229 2.234229
4696.817871 0.275269 1316.888794 0.000000 -0.300810 0.000000 0.953684 4.354032 4.354032 4.354032
2525.075195 -0.160553 401.726685 0.000000 0.000000 0.000000 1.000000 18.296505 18.296505 18.296505
2465.654785 -0.117676 418.388824 0.000000 0.000000 0.000000 1.000000 7.358959 7.358959 7.358959
2442.068115 0.326508 303.978149 0.000000 0.176860 0.000000 0.984236 24.421188 24.421188 24.421188
1515.014282 0.104004 2548.077148 0.000000 0.000000 0.000000 1.000000 3.553521 3.553521 3.553521
1577.474731 0.868896 2581.668701 0.000000 0.658203 0.000000 0.752840 4.318577 4.318577 4.318577
1584.960327 1.052490 2596.879639 0.000000 0.286355 0.000000 0.958124 8.506774 8.506774 8.506774
1564.924805 0.442383 2606.828125 0.000000 0.357838 0.000000 0.933784 3.400772 3.400772 3.400772
1557.172607 0.550781 2655.312500 0.000000 0.561546 0.000000 0.827446 5.565995 5.565995 5.565995
1499.527710 0.521973 2694.210205 0.000000 0.750992 0.000000 0.660311 8.796211 8.796211 8.796211
1447.209717 0.306152 2702.839355 0.000000 0.883157 0.000000 0.469078 10.854189 10.854189 10.854189
1392.724365 0.468994 2565.641602 0.000000 0.000000 0.000000 1.000000 5.906561 5.906561 5.906561
1383.866089 0.314697 2562.772705 0.000000 0.091987 0.000000 0.995760 4.747764 4.747764 4.747764
1355.772461 0.714111 2527.004639 0.000000 0.712375 0.000000 0.701799 6.349923 6.349923 6.349923
1321.166016 0.439941 2540.194580 0.000000 0.549798 0.000000 0.835297 6.904424 6.904424 6.904424
1374.894287 0.418701 2476.244873 0.000000 0.569925 0.000000 0.821697 6.213154 6.213154 6.213154
1364.864868 0.867188 2450.618164 0.000000 0.763686 0.000000 0.645588 6.153002 6.153002 6.153002
7169.793945 0.250610 1092.382446 0.000000 -0.342416 0.000000 0.939548 7.040170 7.040170 7.040170
7133.523438 0.247192 1104.091797 0.000000 0.779381 0.000000 0.626551 8.377701 8.377701 8.377701
7026.861328 0.415405 994.523804 0.000000 -0.343677 0.000000 0.939088 17.848917 17.848917 17.848917
7067.359375 0.288757 942.296448 0.000000 0.196168 0.000000 0.980570 23.135029 23.135029 23.135029
7028.562500 0.294739 969.805908 0.000000 0.000000 0.000000 1.000000 10.458961 10.458961 10.458961
6890.148438 0.392700 969.658569 0.000000 0.700518 0.000000 0.713635 10.680422 10.680422 10.680422
6896.541504 0.000000 894.626587 0.000000 0.373021 0.000000 0.927823 37.024929 37.024929 37.024929
6881.315918 0.267212 830.709290 0.000000 0.317874 0.000000 0.948133 12.468202 12.468202 12.468202
6860.630371 0.284180 816.010803 0.000000 0.630921 0.000000 0.775847 8.139673 8.139673 8.139673
6847.136719 0.244629 823.561096 0.000000 0.140706 0.000000 0.990051 8.063588 8.063588 8.063588
6816.087891 0.495850 831.133423 0.000000 0.853425 0.000000 0.521215 23.670940 23.670940 23.670940
6770.738770 0.000000 814.148438 0.000000 0.739095 0.000000 0.673601 15.294358 15.294358 15.294358
6869.618164 0.155273 764.528442 0.000000 0.788587 0.000000 0.614923 14.851292 14.851292 14.851292
4498.784668 0.197998 2664.541748 0.000000 -0.277498 0.000000 0.960726 12.669742 12.669742 12.669742
1467.897949 0.355225 2925.845703 0.000000 0.000000 0.000000 1.000000 18.605881 18.605881 18.605881
1235.657227 -0.055176 3333.179443 0.000000 0.000000 0.000000 1.000000 38.828606 38.828606 38.828606
1309.744507 0.365967 3345.166748 0.000000 0.000000 0.000000 1.000000 11.707123 11.707123 11.707123
1370.912598 0.542236 3382.661377 0.000000 0.635526 0.000000 0.772079 18.491089 18.491089 18.491089
1354.674927 0.181641 3287.015625 0.000000 -0.196497 0.000000 0.980504 99.473953 99.473953 99.473953
1399.550781 0.136475 3250.167236 0.000000 -0.789328 0.000000 0.613972 19.710941 19.710941 19.710941
1433.948120 0.086914 3340.573242 0.000000 0.193190 0.000000 0.981161 16.297031 16.297031 16.297031
1439.721191 0.288574 3374.837402 0.000000 0.000000 0.000000 1.000000 8.928151 8.928151 8.928151
1329.894531 0.228760 3211.997803 0.000000 0.000000 0.000000 1.000000 10.239591 10.239591 10.239591
1387.311890 0.340332 3213.327393 0.000000 0.000000 0.000000 1.000000 13.219117 13.219117 13.219117
1416.844971 0.237305 3233.709473 0.000000 0.000000 0.000000 1.000000 15.882275 15.882275 15.882275
1427.554199 0.253662 3212.941650 0.000000 0.614878 0.000000 0.788622 14.694687 14.694687 14.694687
1412.854492 0.054199 3188.812988 0.000000 0.185384 0.000000 0.982666 19.972178 19.972178 19.972178
1517.952637 -0.288330 3302.362305 0.000000 0.227587 0.000000 0.973758 21.568199 21.568199 21.568199
1517.334717 -0.135498 3262.310303 0.000000 0.143032 0.000000 0.989718 39.210754 39.210754 39.210754
1526.790161 -0.233398 3162.013672 0.000000 -0.987812 0.000000 -0.155650 180.298447 180.298447 180.298447
1681.540039 0.229736 3074.504639 0.000000 -0.370741 0.000000 0.928736 11.128066 11.128066 11.128066
1696.270630 0.259521 3045.616699 0.000000 -0.293044 0.000000 0.956099 19.414600 19.414600 19.414600
1670.768799 0.096680 2989.108887 0.000000 -0.255541 0.000000 0.966798 14.931900 14.931900 14.931900
1628.135254 0.441650 2942.627197 0.000000 -0.890163 0.000000 0.455643 39.652313 39.652313 39.652313
1794.220337 0.377441 3059.314453 0.000000 0.000000 0.000000 1.000000 7.436408 7.436408 7.436408
1594.904785 -0.096924 2900.559082 0.000000 -0.452819 0.000000 0.891602 14.275579 14.275579 14.275579
1653.527710 0.461670 2902.790527 0.000000 0.000000 0.000000 1.000000 12.145613 12.145613 12.145613
1672.209229 -0.080566 2933.370850 0.000000 0.000000 0.000000 1.000000 16.813297 16.813297 16.813297
1690.900391 0.515625 2888.023193 0.000000 -0.582843 0.000000 0.812585 12.601382 12.601382 12.601382
1713.008667 -0.050781 2911.265381 0.000000 0.058575 0.000000 0.998283 22.109663 22.109663 22.109663
1717.706909 0.392578 2926.193115 0.000000 0.307613 0.000000 0.951512 10.253938 10.253938 10.253938
1746.798828 0.378906 2917.268799 0.000000 -0.346814 0.000000 0.937934 27.082733 27.082733 27.082733
1749.043213 0.382324 2940.782959 0.000000 0.000000 0.000000 1.000000 7.291434 7.291434 7.291434
1767.477539 0.285645 2880.219238 0.000000 0.000000 0.000000 1.000000 9.713378 9.713378 9.713378
1769.380859 0.336670 2897.319336 0.000000 0.800593 0.000000 0.599209 9.066741 9.066741 9.066741
1788.050537 0.389404 2915.660645 0.000000 0.000000 0.000000 1.000000 12.513041 12.513041 12.513041
1776.393555 -0.036865 2934.925781 0.000000 0.229607 0.000000 0.973283 14.376724 14.376724 14.376724
1758.125000 -0.118164 3008.105957 0.000000 -0.481674 0.000000 0.876351 66.329086 66.329086 66.329086
1763.925537 -0.048340 3087.228760 0.000000 0.341613 0.000000 0.939841 30.508770 30.508770 30.508770
1720.588623 -0.097656 3089.509766 0.000000 -0.553337 0.000000 0.832958 38.812366 38.812366 38.812366
1738.321045 -0.105225 3141.210938 0.000000 -0.451499 0.000000 0.892272 37.343594 37.343594 37.343594
1699.723022 0.192871 3130.031250 0.000000 -0.317324 0.000000 0.948317 17.769194 17.769194 17.769194
1674.077637 0.342529 3158.769531 0.000000 0.241426 0.000000 0.970419 27.029219 27.029219 27.029219
1639.268677 0.379883 3179.765869 0.000000 -0.418569 0.000000 0.908185 19.237654 19.237654 19.237654
1625.095093 0.036865 3195.084717 0.000000 0.294546 0.000000 0.955637 14.213567 14.213567 14.213567
1665.290527 0.367432 3226.433838 0.000000 0.282918 0.000000 0.959144 11.809573 11.809573 11.809573
1576.542847 -0.165283 3242.517090 0.000000 0.190809 0.000000 0.981627 95.727608 95.727608 95.727608
1790.263672 0.375732 3106.035889 0.000000 -0.410794 0.000000 0.911728 18.214514 18.214514 18.214514
1787.213989 0.221436 3154.969727 0.000000 0.000000 0.000000 1.000000 20.447357 20.447357 20.447357
1819.541016 -0.109863 3154.683594 0.000000 0.442450 0.000000 0.896793 22.459890 22.459890 22.459890
1833.488770 0.317627 3175.778320 0.000000 -0.365832 0.000000 0.930681 12.230932 12.230932 12.230932
1880.745972 0.187256 3124.443115 0.000000 0.513751 0.000000 0.857940 16.747641 16.747641 16.747641
1882.525269 0.164795 3087.312500 0.000000 0.287130 0.000000 0.957892 7.204616 7.204616 7.204616
1829.308838 0.000000 3081.282959 0.000000 -0.527715 0.000000 0.849422 31.580517 31.580517 31.580517
1816.971680 -0.053223 2945.752441 0.000000 -0.200819 0.000000 0.979628 30.316818 30.316818 30.316818
1875.125610 -0.041016 2981.326172 0.000000 -0.321835 0.000000 0.946796 16.901396 16.901396 16.901396
1919.631470 -0.062988 2950.935547 0.000000 -0.138787 0.000000 0.990322 28.208162 28.208162 28.208162
1915.221313 0.000000 2922.540039 0.000000 -0.172668 0.000000 0.984980 14.062774 14.062774 14.062774
1919.281006 0.256104 2904.591553 0.000000 -0.210540 0.000000 0.977585 10.162142 10.162142 10.162142
1877.950928 -0.083740 2907.004883 0.000000 -0.126431 0.000000 0.991975 19.171133 19.171133 19.171133
1811.456055 -0.066162 2879.634033 0.000000 0.254951 0.000000 0.966954 25.144817 25.144817 25.144817
1831.838745 -0.021240 2800.266113 0.000000 0.519030 0.000000 0.854756 63.674862 63.674862 63.674862
1885.496704 0.255127 2821.594727 0.000000 0.527819 0.000000 0.849357 73.456749 73.456749 73.456749
1894.335083 0.280029 2885.097900 0.000000 0.000000 0.000000 1.000000 11.547791 11.547791 11.547791
1950.416138 0.193848 2900.661377 0.000000 -0.261968 0.000000 0.965077 20.509985 20.509985 20.509985
1946.629395 0.241699 2872.739990 0.000000 0.000000 0.000000 1.000000 13.253199 13.253199 13.253199
1977.696777 0.330811 2848.645020 0.000000 0.000000 0.000000 1.000000 16.872440 16.872440 16.872440
2003.505127 0.305664 2857.041260 0.000000 -0.338284 0.000000 0.941044 2.780200 2.780200 2.780200
2029.676147 0.296387 2874.758789 0.000000 -0.556257 0.000000 0.831011 6.156837 6.156837 6.156837
2047.532104 0.285645 2871.039551 0.000000 0.000000 0.000000 1.000000 12.550987 12.550987 12.550987
2065.389648 0.276123 2845.146973 0.000000 0.000000 0.000000 1.000000 10.595286 10.595286 10.595286
2030.390503 0.283936 2841.155518 0.000000 0.000000 0.000000 1.000000 9.754313 9.754313 9.754313
1972.965088 0.419678 2791.311279 0.000000 0.000000 0.000000 1.000000 11.253124 11.253124 11.253124
2004.489380 0.391113 2803.798340 0.000000 0.816033 0.000000 0.578006 17.295109 17.295109 17.295109
2025.477295 -0.036865 2787.178223 0.000000 -0.145886 0.000000 0.989301 21.864548 21.864548 21.864548
2098.271973 0.275635 2823.650391 0.000000 0.162545 0.000000 0.986701 7.335073 7.335073 7.335073
2156.527344 0.185791 2826.248779 0.000000 0.403170 0.000000 0.915125 6.190086 6.190086 6.190086
2027.865356 0.465576 2754.697266 0.000000 -0.448297 0.000000 0.893885 11.109674 11.109674 11.109674
2002.709106 0.397217 2756.075684 0.000000 -0.344179 0.000000 0.938904 10.524654 10.524654 10.524654
1956.994385 0.385254 2765.413818 0.000000 0.000000 0.000000 1.000000 7.051231 7.051231 7.051231
1936.869873 0.313477 2736.188965 0.000000 -0.175674 0.000000 0.984448 37.059883 37.059883 37.059883
1936.177124 0.000000 2698.885986 0.000000 0.000000 0.000000 1.000000 15.331148 15.331148 15.331148
1979.664062 0.388916 2715.268311 0.000000 0.326137 0.000000 0.945323 15.497098 15.497098 15.497098
1949.083130 0.000000 2677.064941 0.000000 -0.320434 0.000000 0.947271 17.801842 17.801842 17.801842
1965.005981 0.360107 2646.977295 0.000000 -0.342043 0.000000 0.939684 11.561897 11.561897 11.561897
2015.382080 0.000000 2723.840820 0.000000 0.000000 0.000000 1.000000 7.549147 7.549147 7.549147
2035.961182 0.202881 2723.387939 0.000000 0.186028 0.000000 0.982544 8.251334 8.251334 8.251334
2081.066162 0.267334 2762.091064 0.000000 -0.673785 0.000000 0.738928 28.758841 28.758841 28.758841
2119.502686 0.166748 2742.538818 0.000000 -0.462465 0.000000 0.886637 15.231212 15.231212 15.231212
2190.301758 0.248291 2708.448242 0.000000 -0.316079 0.000000 0.948733 9.482993 9.482993 9.482993
2252.902344 0.317383 2711.798340 0.000000 -0.415255 0.000000 0.909705 7.225432 7.225432 7.225432
2270.776855 -0.069824 2765.658203 0.000000 0.269866 0.000000 0.962898 11.482182 11.482182 11.482182
2240.727295 0.000000 2672.494385 0.000000 -0.714621 0.000000 0.699512 10.816092 10.816092 10.816092
2273.814209 0.271240 2667.972412 0.000000 -0.704601 0.000000 0.709604 8.421420 8.421420 8.421420
2289.779541 0.270996 2597.051025 0.000000 -0.460570 0.000000 0.887623 12.008090 12.008090 12.008090
2278.866943 0.213623 2648.317383 0.000000 0.000000 0.000000 1.000000 16.825840 16.825840 16.825840
2293.096436 -0.127686 2674.348877 0.000000 0.534748 0.000000 0.845012 18.758942 18.758942 18.758942
2304.506348 0.332764 2687.336426 0.000000 0.000000 0.000000 1.000000 7.837170 7.837170 7.837170
2332.001953 0.355469 2692.115479 0.000000 0.000000 0.000000 1.000000 6.349154 6.349154 6.349154
2341.576416 0.000000 2715.177490 0.000000 -0.501445 0.000000 0.865189 8.274344 8.274344 8.274344
2340.008789 -0.070557 2766.330566 0.000000 -0.451009 0.000000 0.892519 43.106609 43.106609 43.106609
2349.930420 -0.092285 2850.243652 0.000000 -0.634418 0.000000 0.772990 15.716763 15.716763 15.716763
2322.925537 0.191162 2863.281738 0.000000 -0.210033 0.000000 0.977694 10.052176 10.052176 10.052176
2396.230469 -0.098389 2761.269775 0.000000 -0.548651 0.000000 0.836052 67.299294 67.299294 67.299294
2438.500000 0.423828 2912.936523 0.000000 -0.165495 0.000000 0.986211 22.679560 22.679560 22.679560
2457.090820 0.273438 2941.895996 0.000000 0.000000 0.000000 1.000000 13.227674 13.227674 13.227674
2428.273926 0.299072 2940.873291 0.000000 -0.542513 0.000000 0.840048 12.434834 12.434834 12.434834
2403.887207 0.265625 2946.233643 0.000000 0.201851 0.000000 0.979416 15.619812 15.619812 15.619812
2407.360107 0.179199 2965.439453 0.000000 0.110067 0.000000 0.993924 7.716619 7.716619 7.716619
2391.747314 0.062256 2983.380127 0.000000 -0.279843 0.000000 0.960046 18.136684 18.136684 18.136684
2379.398926 -0.108643 3023.638916 0.000000 0.388204 0.000000 0.921574 25.489458 25.489458 25.489458
2460.197021 0.209229 2863.563721 0.000000 0.000000 0.000000 1.000000 8.497134 8.497134 8.497134
2479.877197 0.425537 2864.142334 0.000000 0.379129 0.000000 0.925344 6.639903 6.639903 6.639903
2501.428467 0.088379 2868.330322 0.000000 0.495095 0.000000 0.868839 10.354094 10.354094 10.354094
2486.439209 0.401123 2902.686523 0.000000 0.663346 0.000000 0.748313 6.082046 6.082046 6.082046
2518.067627 0.062500 2902.055908 0.000000 0.000000 0.000000 1.000000 8.919740 8.919740 8.919740
2486.638916 0.552246 2846.020752 0.000000 0.273450 0.000000 0.961886 14.806163 14.806163 14.806163
2452.933594 0.272461 2833.701660 0.000000 -0.360473 0.000000 0.932770 4.515193 4.515193 4.515193
2499.431152 -0.001465 2810.396973 0.000000 0.468623 0.000000 0.883398 12.555363 12.555363 12.555363
2472.893311 0.496094 2777.838135 0.000000 -0.547068 0.000000 0.837088 4.507169 4.507169 4.507169
2486.267578 -0.060547 2778.176514 0.000000 0.273861 0.000000 0.961769 10.696877 10.696877 10.696877
2539.007812 -0.156982 2858.601074 0.000000 -0.265750 0.000000 0.964042 27.889700 27.889700 27.889700
2555.650391 -0.017578 2812.060547 0.000000 0.177461 0.000000 0.984128 11.410643 11.410643 11.410643
2591.827881 0.148438 2837.319824 0.000000 0.576602 0.000000 0.817025 11.854508 11.854508 11.854508
2611.395996 0.535400 2840.496826 0.000000 0.574355 0.000000 0.818606 12.539418 12.539418 12.539418
2627.646240 0.504150 2837.191895 0.000000 0.469163 0.000000 0.883112 12.244765 12.244765 12.244765
2644.236328 0.000000 2822.501709 0.000000 0.477442 0.000000 0.878663 8.998450 8.998450 8.998450
2710.947021 0.000000 2830.545410 0.000000 0.165134 0.000000 0.986271 11.655450 11.655450 11.655450
2768.817139 0.215576 2831.081055 0.000000 -0.353174 0.000000 0.935558 6.362828 6.362828 6.362828
2754.049072 0.418457 2849.894531 0.000000 0.214864 0.000000 0.976644 6.077421 6.077421 6.077421
2633.296875 0.214844 2941.321533 0.000000 0.000000 0.000000 1.000000 14.595690 14.595690 14.595690
2601.328857 0.065918 2938.207520 0.000000 0.246635 0.000000 0.969108 10.779163 10.779163 10.779163
2538.540527 0.165771 2953.809082 0.000000 0.582719 0.000000 0.812674 43.236435 43.236435 43.236435
2806.818115 0.029785 2789.373291 0.000000 -0.324232 0.000000 0.945977 3.952387 3.952387 3.952387
1748.575806 0.406372 1980.203491 0.000000 0.000000 0.000000 1.000000 12.991751 12.991751 12.991751
"}
