object={
	name="wonder_wallofchina_01"
	clamp_to_water_level=no
	render_under_water=no
	generated_content=no
	layer="cities"
	pdxmesh="wonder_wallofchina_01_mesh"
	count=4
	transform="6551.064453 0.000000 2411.310303 0.000000 0.847615 0.000000 0.530611 1.000000 1.000000 1.000000
6397.696289 0.000000 2442.251953 0.000000 -0.429418 0.000000 0.903106 1.000000 1.000000 1.000000
6493.630859 0.000000 2412.712646 0.000000 -0.776927 0.000000 0.629590 1.000000 1.000000 1.000000
6644.879883 0.000000 2462.068359 0.000000 -0.441779 0.000000 0.897124 1.000000 1.000000 1.000000
"}
object={
	name="wonder_wallofchina_02"
	clamp_to_water_level=no
	render_under_water=no
	generated_content=no
	layer="cities"
	pdxmesh="wonder_wallofchina_02_mesh"
	count=6
	transform="6641.841309 0.000000 2470.441895 0.000000 -0.885139 0.000000 0.465327 1.000000 1.000000 1.000000
6574.023438 0.000000 2411.365967 0.000000 0.370528 0.000000 0.928821 1.000000 1.000000 1.000000
6537.570801 0.000000 2420.697998 0.000000 -0.408247 0.000000 0.912872 1.000000 1.000000 1.000000
6502.598145 0.000000 2423.018555 0.000000 0.050942 0.000000 0.998702 1.000000 1.000000 1.000000
6611.666992 0.000000 2450.321289 0.000000 0.343677 0.000000 0.939088 1.000000 1.000000 1.000000
6688.175781 0.000000 2404.593018 0.000000 0.194193 0.000000 0.980963 1.000000 1.000000 1.000000
"}
object={
	name="wonder_wallofchina_03"
	clamp_to_water_level=no
	render_under_water=no
	generated_content=no
	layer="cities"
	pdxmesh="wonder_wallofchina_03_mesh"
	count=3
	transform="6844.194336 0.000000 2507.984619 0.000000 0.257974 0.000000 0.966152 1.000000 1.000000 1.000000
6693.731445 0.000000 2495.290771 0.000000 -0.256727 0.000000 -0.966484 1.000000 1.000000 1.000000
6622.637695 0.000000 2462.667725 0.000000 0.369961 0.000000 0.929047 1.000000 1.000000 1.000000
"}
object={
	name="wonder_wallofchina_04"
	clamp_to_water_level=no
	render_under_water=no
	generated_content=no
	layer="cities"
	pdxmesh="wonder_wallofchina_04_mesh"
	count=4
	transform="6749.008301 0.000000 2490.082031 0.000000 0.858689 0.000000 -0.512496 1.000000 1.000000 1.000000
6683.870605 0.000000 2425.457764 0.000000 -0.393765 0.000000 0.919211 1.000000 1.000000 1.000000
6718.719727 0.000000 2474.276123 0.000000 -0.904023 0.000000 0.427483 1.000000 1.000000 1.000000
6892.983887 0.000000 2539.154053 0.000000 0.461491 0.000000 0.887145 1.000000 1.000000 1.000000
"}
object={
	name="wonder_wallofchina_05"
	clamp_to_water_level=no
	render_under_water=no
	generated_content=no
	layer="cities"
	pdxmesh="wonder_wallofchina_05_mesh"
	count=3
	transform="6827.348145 0.000000 2488.238281 0.000000 -0.902688 0.000000 0.430295 1.000000 1.000000 1.000000
6706.458008 0.000000 2459.491699 0.000000 -0.938795 0.000000 0.344476 1.000000 1.000000 1.000000
6691.396973 0.000000 2451.429199 0.000000 -0.519544 0.000000 -0.854444 1.000000 1.000000 1.000000
"}
object={
	name="wonder_wallofchina_06"
	clamp_to_water_level=no
	render_under_water=no
	generated_content=no
	layer="cities"
	pdxmesh="wonder_wallofchina_06_mesh"
	count=4
	transform="6739.632812 0.000000 2499.190186 0.000000 0.118201 0.000000 -0.992989 1.000000 1.000000 1.000000
6595.411133 0.000000 2434.496826 0.000000 -0.867721 0.000000 0.497052 1.000000 1.000000 1.000000
6666.871094 0.000000 2482.990967 0.000000 -0.764838 0.000000 0.644223 1.000000 1.000000 1.000000
6462.145996 0.000000 2407.056641 0.000000 -0.235617 0.000000 0.971846 1.000000 1.000000 1.000000
"}
object={
	name="wonder_wallofchina_07"
	clamp_to_water_level=no
	render_under_water=no
	generated_content=no
	layer="cities"
	pdxmesh="wonder_wallofchina_07_mesh"
	count=3
	transform="6715.821289 0.000000 2498.755859 0.000000 0.631868 0.000000 0.775077 1.000000 1.000000 1.000000
6798.431641 0.000000 2476.057617 0.000000 -0.793957 0.000000 -0.607975 1.000000 1.000000 1.000000
6924.436523 0.000000 2548.051514 0.000000 -0.616225 0.000000 0.787570 1.000000 1.000000 1.000000
"}
object={
	name="wonder_wallofchina_08"
	clamp_to_water_level=no
	render_under_water=no
	generated_content=no
	layer="cities"
	pdxmesh="wonder_wallofchina_08_mesh"
	count=2
	transform="6762.981445 0.000000 2480.627930 0.000000 -0.334434 0.000000 0.942420 1.000000 1.000000 1.000000
6687.577148 0.000000 2465.079590 0.000000 -0.885021 0.000000 -0.465551 1.000000 1.000000 1.000000
"}
object={
	name="wonder_wallofchina_09"
	clamp_to_water_level=no
	render_under_water=no
	generated_content=no
	layer="cities"
	pdxmesh="wonder_wallofchina_09_mesh"
	count=2
	transform="6726.038574 0.000000 2514.817383 0.000000 -0.783683 0.000000 0.621161 1.000000 1.000000 1.000000
6948.036133 0.000000 2520.884766 0.000000 0.000000 0.000000 1.000000 1.000000 1.000000 1.000000
"}
object={
	name="wonder_wallofchinaend_01"
	clamp_to_water_level=no
	render_under_water=no
	generated_content=no
	layer="cities"
	pdxmesh="wonder_wallofchinaend_01_mesh"
	count=62
	transform="6733.216309 0.000000 2508.802490 0.000000 -0.956147 0.000000 -0.292888 1.000000 1.000000 1.000000
6784.619629 0.000000 2483.170898 0.000000 -0.480489 0.000000 -0.877001 1.000000 1.000000 1.000000
6810.359375 0.000000 2478.068604 0.000000 -0.559270 0.000000 0.828985 1.000000 1.000000 1.000000
6813.092285 0.000000 2477.282715 0.000000 0.774616 0.000000 0.632431 1.000000 1.000000 1.000000
6816.665039 0.000000 2476.730713 0.000000 0.670705 0.000000 -0.741724 1.000000 1.000000 1.000000
6585.014160 0.000000 2424.434570 0.000000 -0.852342 0.000000 0.522985 1.000000 1.000000 1.000000
6580.909180 0.000000 2418.880371 0.000000 0.308310 0.000000 0.951286 1.000000 1.000000 1.000000
6561.136719 0.000000 2406.847168 0.000000 -0.830005 0.000000 -0.557756 1.000000 1.000000 1.000000
6566.481445 0.000000 2404.422607 0.000000 -0.828749 0.000000 0.559621 1.000000 1.000000 1.000000
6521.794922 0.000000 2431.540283 0.000000 -0.404956 0.000000 0.914336 1.000000 1.000000 1.000000
6405.228516 0.000000 2436.098877 0.000000 -0.895389 0.000000 -0.445284 1.000000 1.000000 1.000000
6389.066895 0.000000 2449.183350 0.000000 -0.437997 0.000000 0.898976 1.000000 1.000000 1.000000
6482.950195 0.000000 2410.674561 0.000000 -0.728982 0.000000 0.684533 1.000000 1.000000 1.000000
6503.606934 0.000000 2433.331543 0.000000 0.022764 0.000000 0.999740 1.000000 1.000000 1.000000
6466.325195 0.000000 2397.599854 0.000000 0.973588 0.000000 0.228311 1.000000 1.000000 1.000000
6454.231445 0.000000 2412.128418 0.000000 -0.695623 0.000000 0.718407 1.000000 1.000000 1.000000
6429.933594 0.000000 2429.001953 0.000000 0.684492 0.000000 0.729021 1.000000 1.000000 1.000000
6343.478027 0.000000 2472.454834 0.000000 -0.682888 0.000000 0.730523 1.000000 1.000000 1.000000
6734.728516 0.000000 2482.379395 0.000000 0.125280 0.000000 0.992121 1.000000 1.000000 1.000000
6434.045410 0.000000 2432.914551 0.000000 -0.924882 0.000000 0.380254 1.000000 1.000000 1.000000
6347.688477 0.000000 2471.228760 0.000000 0.873901 0.000000 0.486103 1.000000 1.000000 1.000000
6438.687988 0.000000 2426.452148 0.000000 0.908560 0.000000 -0.417756 1.000000 1.000000 1.000000
6732.753418 0.000000 2478.463867 0.000000 0.932438 0.000000 -0.361330 1.000000 1.000000 1.000000
6437.649414 0.000000 2435.354736 0.000000 0.592497 0.000000 0.805573 1.000000 1.000000 1.000000
6441.178711 0.000000 2428.351074 0.000000 0.459541 0.000000 0.888157 1.000000 1.000000 1.000000
6412.097168 0.000000 2432.800293 0.000000 -0.723359 0.000000 0.690472 1.000000 1.000000 1.000000
6421.562988 0.000000 2432.330078 0.000000 -0.427046 0.000000 0.904230 1.000000 1.000000 1.000000
6424.037109 0.000000 2430.320801 0.000000 0.896261 0.000000 0.443526 1.000000 1.000000 1.000000
6524.286133 0.000000 2429.584229 0.000000 0.869897 0.000000 0.493234 1.000000 1.000000 1.000000
6529.853027 0.000000 2427.598145 0.000000 -0.428204 0.000000 0.903682 1.000000 1.000000 1.000000
6587.650391 0.000000 2426.006836 0.000000 0.440903 0.000000 0.897555 1.000000 1.000000 1.000000
6589.716309 0.000000 2427.065674 0.000000 0.897311 0.000000 -0.441400 1.000000 1.000000 1.000000
6772.750977 0.000000 2479.659668 0.000000 0.699515 0.000000 0.714617 1.000000 1.000000 1.000000
6780.970215 0.000000 2480.980713 0.000000 -0.852310 0.000000 0.523037 1.000000 1.000000 1.000000
6792.524414 0.000000 2483.882324 0.000000 -0.318858 0.000000 0.947803 1.000000 1.000000 1.000000
6757.615723 0.000000 2493.521973 0.000000 0.758350 0.000000 0.651847 1.000000 1.000000 1.000000
6765.030762 0.000000 2489.702881 0.000000 0.297840 0.000000 0.954616 1.000000 1.000000 1.000000
6838.982910 0.000000 2499.581543 0.000000 -0.913073 0.000000 0.407796 1.000000 1.000000 1.000000
6833.083984 0.000000 2496.437744 0.000000 0.377151 0.000000 0.926152 1.000000 1.000000 1.000000
6866.952148 0.000000 2522.725098 0.000000 -0.822273 0.000000 0.569094 1.000000 1.000000 1.000000
6869.676758 0.000000 2523.634766 0.000000 0.616946 0.000000 0.787006 1.000000 1.000000 1.000000
6690.087891 0.000000 2417.861572 0.000000 0.991040 0.000000 0.133567 1.000000 1.000000 1.000000
6691.651855 0.000000 2414.090820 0.000000 0.057829 0.000000 0.998326 1.000000 1.000000 1.000000
6678.304199 0.000000 2463.122803 0.000000 -0.851703 0.000000 0.524025 1.000000 1.000000 1.000000
6652.451172 0.000000 2456.402832 0.000000 0.873753 0.000000 0.486370 1.000000 1.000000 1.000000
6688.244141 0.000000 2455.661377 0.000000 -0.991914 0.000000 0.126911 1.000000 1.000000 1.000000
6678.462891 0.000000 2433.635498 0.000000 -0.112069 0.000000 0.993700 1.000000 1.000000 1.000000
6685.022461 0.000000 2443.618896 0.000000 0.996978 0.000000 -0.077685 1.000000 1.000000 1.000000
6688.181152 0.000000 2487.241943 0.000000 -0.782431 0.000000 0.622738 1.000000 1.000000 1.000000
6677.120117 0.000000 2484.319336 0.000000 0.596864 0.000000 0.802342 1.000000 1.000000 1.000000
6699.391113 0.000000 2503.656006 0.000000 0.414588 0.000000 0.910009 1.000000 1.000000 1.000000
6707.923340 0.000000 2503.791016 0.000000 -0.161039 0.000000 0.986948 1.000000 1.000000 1.000000
6739.508789 0.000000 2486.982910 0.000000 -0.777273 0.000000 0.629163 1.000000 1.000000 1.000000
6741.187012 0.000000 2490.266357 0.000000 0.990802 0.000000 0.135321 1.000000 1.000000 1.000000
6924.288086 0.000000 2490.465820 0.000000 -0.964898 0.000000 0.262626 1.000000 1.000000 1.000000
6925.622559 0.000000 2493.176758 0.000000 0.175959 0.000000 0.984397 1.000000 1.000000 1.000000
6901.713379 0.000000 2543.349121 0.000000 0.543743 0.000000 0.839252 1.000000 1.000000 1.000000
6885.266602 0.000000 2534.371582 0.000000 -0.795665 0.000000 0.605737 1.000000 1.000000 1.000000
6930.131836 0.000000 2540.544434 0.000000 0.971196 0.000000 0.238282 1.000000 1.000000 1.000000
6914.771973 0.000000 2546.793457 0.000000 -0.773535 0.000000 0.633754 1.000000 1.000000 1.000000
6941.222168 0.000000 2527.044434 0.000000 -0.463169 0.000000 0.886270 1.000000 1.000000 1.000000
6941.015625 0.000000 2515.483887 0.000000 -0.787121 0.000000 0.616798 1.000000 1.000000 1.000000
"}
object={
	name="wonder_wallofchinaend_02"
	clamp_to_water_level=no
	render_under_water=no
	generated_content=no
	layer="cities"
	pdxmesh="wonder_wallofchinaend_02_mesh"
	count=9
	transform="6783.220703 0.000000 2482.271240 0.000000 -0.491105 0.000000 -0.871101 1.000000 1.000000 1.000000
6823.313477 0.000000 2475.451416 0.000000 -0.944161 0.000000 -0.329486 1.000000 1.000000 1.000000
6849.503906 0.000000 2516.192383 0.000000 0.378225 0.000000 0.925714 1.000000 1.000000 1.000000
6346.131836 0.000000 2472.061279 0.000000 0.806153 0.000000 0.591707 1.000000 1.000000 1.000000
6733.856445 0.000000 2479.842041 0.000000 0.970344 0.000000 -0.241727 1.000000 1.000000 1.000000
6436.001953 0.000000 2434.722168 0.000000 0.486960 0.000000 0.873424 1.000000 1.000000 1.000000
6689.604004 0.000000 2419.658203 0.000000 -0.120980 0.000000 0.992655 1.000000 1.000000 1.000000
6722.001953 0.000000 2507.262939 0.000000 -0.997861 0.000000 0.065379 1.000000 1.000000 1.000000
6725.041992 0.000000 2479.263672 0.000000 0.624173 0.000000 0.781286 1.000000 1.000000 1.000000
"}
object={
	name="wonder_wallofchinatower_01"
	clamp_to_water_level=no
	render_under_water=no
	generated_content=no
	layer="cities"
	pdxmesh="wonder_wallofchinatower_01_mesh"
	count=56
	transform="6848.717285 0.000000 2515.399902 0.000000 -0.914634 0.000000 0.404282 1.000000 1.000000 1.000000
6822.559082 0.000000 2476.374268 0.000000 -0.403505 0.000000 0.914977 1.000000 1.000000 1.000000
6698.262695 0.000000 2502.713135 0.000000 0.911067 0.000000 -0.412258 1.000000 1.000000 1.000000
6732.416992 0.000000 2510.093506 0.000000 0.986272 0.000000 0.165129 1.000000 1.000000 1.000000
6782.243164 0.000000 2481.669434 0.000000 0.502184 0.000000 0.864760 1.000000 1.000000 1.000000
6793.349609 0.000000 2482.822510 0.000000 0.502184 0.000000 0.864760 1.000000 1.000000 1.000000
6811.746582 0.000000 2477.558105 0.000000 -0.593676 0.000000 0.804703 1.000000 1.000000 1.000000
6817.877441 0.000000 2476.609863 0.000000 0.723527 0.000000 0.690295 1.000000 1.000000 1.000000
6590.742676 0.000000 2428.098877 0.000000 0.118980 0.000000 0.992897 1.000000 1.000000 1.000000
6603.110840 0.000000 2438.247559 0.000000 0.581180 0.000000 0.813775 1.000000 1.000000 1.000000
6586.432129 0.000000 2425.148193 0.000000 -0.845308 0.000000 0.534279 1.000000 1.000000 1.000000
6579.974121 0.000000 2417.599365 0.000000 0.320939 0.000000 0.947100 1.000000 1.000000 1.000000
6543.947754 0.000000 2414.986084 0.000000 -0.927091 0.000000 -0.374837 1.000000 1.000000 1.000000
6531.097656 0.000000 2426.616211 0.000000 -0.941558 0.000000 -0.336852 1.000000 1.000000 1.000000
6559.669434 0.000000 2407.450439 0.000000 -0.837353 0.000000 -0.546663 1.000000 1.000000 1.000000
6567.955078 0.000000 2405.010986 0.000000 -0.821229 0.000000 0.570598 1.000000 1.000000 1.000000
6522.966797 0.000000 2430.470459 0.000000 -0.392755 0.000000 0.919643 1.000000 1.000000 1.000000
6403.965332 0.000000 2437.060791 0.000000 -0.901235 0.000000 -0.433331 1.000000 1.000000 1.000000
6390.313477 0.000000 2448.201172 0.000000 -0.425997 0.000000 0.904725 1.000000 1.000000 1.000000
6484.534668 0.000000 2410.768799 0.000000 -0.719809 0.000000 0.694172 1.000000 1.000000 1.000000
6503.528809 0.000000 2431.747314 0.000000 0.036064 0.000000 0.999349 1.000000 1.000000 1.000000
6465.623535 0.000000 2399.023193 0.000000 0.976540 0.000000 0.215337 1.000000 1.000000 1.000000
6455.816895 0.000000 2412.072021 0.000000 -0.686003 0.000000 0.727599 1.000000 1.000000 1.000000
6428.348633 0.000000 2428.908936 0.000000 0.694131 0.000000 0.719849 1.000000 1.000000 1.000000
6345.062500 0.000000 2472.341797 0.000000 -0.673108 0.000000 0.739544 1.000000 1.000000 1.000000
6734.328125 0.000000 2480.842285 0.000000 0.138470 0.000000 0.990367 1.000000 1.000000 1.000000
6435.090332 0.000000 2434.096680 0.000000 -0.919741 0.000000 0.392526 1.000000 1.000000 1.000000
6439.878906 0.000000 2427.439941 0.000000 0.471317 0.000000 0.881964 1.000000 1.000000 1.000000
6413.682617 0.000000 2432.868652 0.000000 -0.714108 0.000000 0.700036 1.000000 1.000000 1.000000
6422.784668 0.000000 2431.317871 0.000000 -0.414977 0.000000 0.909832 1.000000 1.000000 1.000000
6501.377441 0.000000 2414.367432 0.000000 0.457968 0.000000 0.888969 1.000000 1.000000 1.000000
6606.134277 0.000000 2443.744629 0.000000 0.291015 0.000000 0.956718 1.000000 1.000000 1.000000
6628.699707 0.000000 2468.890137 0.000000 0.329136 0.000000 0.944283 1.000000 1.000000 1.000000
6771.242676 0.000000 2479.645752 0.000000 0.000000 0.000000 1.000000 1.000000 1.000000 1.000000
6764.213867 0.000000 2488.610840 0.000000 0.254671 0.000000 0.967028 1.000000 1.000000 1.000000
6756.076660 0.000000 2493.711914 0.000000 0.000000 0.000000 1.000000 1.000000 1.000000 1.000000
6832.067871 0.000000 2495.407715 0.000000 0.250419 0.000000 0.968138 1.000000 1.000000 1.000000
6868.412598 0.000000 2523.296387 0.000000 -0.138651 0.000000 0.990341 1.000000 1.000000 1.000000
6699.706055 0.000000 2454.055664 0.000000 -0.129397 0.000000 0.991593 1.000000 1.000000 1.000000
6684.880371 0.000000 2396.600342 0.000000 -0.463439 0.000000 0.886129 1.000000 1.000000 1.000000
6691.472656 0.000000 2412.624268 0.000000 0.090878 0.000000 0.995862 1.000000 1.000000 1.000000
6651.179199 0.000000 2457.215820 0.000000 0.276560 0.000000 0.960997 1.000000 1.000000 1.000000
6679.516113 0.000000 2463.734619 0.000000 -0.204420 0.000000 0.978883 1.000000 1.000000 1.000000
6688.647461 0.000000 2457.212646 0.000000 0.177161 0.000000 0.984182 1.000000 1.000000 1.000000
6678.900391 0.000000 2432.053223 0.000000 -0.184604 0.000000 0.982813 1.000000 1.000000 1.000000
6685.329102 0.000000 2445.228271 0.000000 0.141189 0.000000 0.989983 1.000000 1.000000 1.000000
6660.124023 0.000000 2478.542236 0.000000 0.233660 0.000000 0.972318 1.000000 1.000000 1.000000
6649.037598 0.000000 2475.571289 0.000000 -0.349060 0.000000 0.937101 1.000000 1.000000 1.000000
6675.475098 0.000000 2483.921631 0.000000 -0.165916 0.000000 0.986140 1.000000 1.000000 1.000000
6689.469238 0.000000 2487.749756 0.000000 0.248941 0.000000 0.968519 1.000000 1.000000 1.000000
6708.396484 0.000000 2502.544434 0.000000 -0.174337 0.000000 0.984686 1.000000 1.000000 1.000000
6722.957520 0.000000 2503.302246 0.000000 0.390509 0.000000 0.920599 1.000000 1.000000 1.000000
6734.558594 0.000000 2505.603760 0.000000 -0.630968 0.000000 0.775809 1.000000 1.000000 1.000000
6740.913574 0.000000 2487.341553 0.000000 -0.075855 0.000000 0.997119 1.000000 1.000000 1.000000
6807.042480 0.000000 2476.989258 0.000000 -0.062520 0.000000 0.998044 1.000000 1.000000 1.000000
6925.063477 0.000000 2491.828369 0.000000 0.201073 0.000000 0.979576 1.000000 1.000000 1.000000
"}
